CBP 769 600 62 2.968000
CBP 753 449 74 2.917000
GC 753 449 74 89.748000
BM 753 449 74 0.968000
CBP 763 449 86 3.057000
GC 763 449 86 80.918000
BM 763 449 86 0.998000
CBP 753 449 76 3.370000
GC 753 449 76 54.866000
BM 753 449 76 0.952000
CBP 755 449 69 2.496000
GC 755 449 69 73.399000
BM 755 449 69 0.920000
CBP 760 449 62 2.995000
GC 760 449 62 39.812000
BM 760 449 62 0.967000
CBP 746 449 62 2.356000
GC 746 449 62 39.625000
BM 746 449 62 0.951000
CBP 755 449 63 2.730000
GC 755 449 63 35.070000
BM 755 449 63 0.920000
CBP 743 449 59 2.246000
GC 743 449 59 44.211000
BM 743 449 59 1.138000
CBP 751 449 57 2.621000
GC 751 449 57 45.803000
BM 751 449 57 0.936000
CBP 745 449 57 2.059000
GC 745 449 57 40.062000
BM 745 449 57 0.952000
CBP 745 449 68 2.356000
GC 745 449 68 60.123000
BM 745 449 68 0.982000
CBP 747 449 55 3.042000
GC 747 449 55 33.961000
BM 747 449 55 0.905000
CBP 786 449 61 2.278000
GC 786 449 61 88.485000
BM 786 449 61 0.952000
CBP 796 449 70 2.886000
GC 796 449 70 129.684000
BM 796 449 70 0.921000
CBP 759 600 91 4.244000
GC 759 600 91 106.908000
BM 759 600 91 0.951000
CBP 741 600 95 4.368000
GC 741 600 95 112.712000
BM 741 600 95 0.890000
CBP 742 600 85 3.962000
GC 742 600 85 92.041000
BM 742 600 85 0.920000
CBP 780 600 158 6.365000
GC 780 600 158 220.869000
BM 780 600 158 0.967000
CBP 768 600 142 5.803000
GC 768 600 142 191.976000
BM 768 600 142 0.967000
CBP 731 600 100 4.524000
GC 731 600 100 129.467000
BM 731 600 100 0.951000
CBP 739 600 88 3.916000
GC 739 600 88 244.517000
BM 739 600 88 0.983000
CBP 732 600 99 4.213000
GC 732 600 99 489.785000
BM 732 600 99 0.951000
CBP 677 600 66 2.980000
GC 677 600 66 91.948000
BM 677 600 66 0.999000
CBP 695 600 80 3.245000
GC 695 600 80 113.555000
BM 695 600 80 0.936000
CBP 776 600 129 5.336000
GC 776 600 129 176.673000
BM 776 600 129 1.046000
CBP 724 600 122 5.039000
GC 724 600 122 169.747000
BM 724 600 122 0.904000
CBP 785 600 185 8.081000
GC 785 600 185 164.114000
BM 785 600 185 0.967000
CBP 725 600 95 3.791000
GC 725 600 95 59.671000
BM 725 600 95 0.936000
CBP 741 600 76 3.666000
GC 741 600 76 227.530000
BM 741 600 76 0.936000
CBP 739 600 185 6.818000
GC 739 600 185 240.640000
BM 739 600 185 0.952000
CBP 734 600 130 5.054000
GC 734 600 130 173.793000
BM 734 600 130 0.967000
CBP 735 600 109 4.929000
GC 735 600 109 149.391000
BM 735 600 109 0.998000
CBP 710 600 99 3.916000
GC 710 600 99 158.953000
BM 710 600 99 0.936000
CBP 717 600 104 4.555000
GC 717 600 104 140.355000
BM 717 600 104 0.952000
CBP 729 600 101 4.228000
GC 729 600 101 125.098000
BM 729 600 101 0.921000
CBP 741 700 83 4.696000
GC 741 700 83 86.394000
BM 741 700 83 1.029000
CBP 739 705 91 4.961000
GC 739 705 91 131.916000
BM 739 705 91 0.983000
CBP 739 600 124 5.397000
GC 739 600 124 114.256000
BM 739 600 124 0.936000
CBP 738 685 136 6.552000
GC 738 685 136 145.347000
BM 738 685 136 0.982000
CBP 788 600 135 6.069000
GC 788 600 135 154.691000
BM 788 600 135 0.998000
CBP 740 600 109 4.430000
GC 740 600 109 130.605000
BM 740 600 109 0.967000
CBP 706 600 92 3.666000
GC 706 600 92 127.626000
BM 706 600 92 0.952000
CBP 793 644 71 3.775000
GC 793 644 71 179.683000
BM 793 644 71 0.952000
CBP 723 685 108 5.320000
GC 723 685 108 137.048000
BM 723 685 108 0.951000
CBP 724 685 109 5.351000
GC 724 685 109 130.918000
BM 724 685 109 1.248000
CBP 727 671 93 4.415000
GC 727 671 93 133.023000
BM 727 671 93 0.999000
CBP 729 675 101 4.961000
GC 729 675 101 103.913000
BM 729 675 101 0.983000
CBP 710 685 100 4.618000
GC 710 685 100 121.229000
BM 710 685 100 0.951000
CBP 712 695 109 5.336000
GC 712 695 109 126.986000
BM 712 695 109 0.967000
CBP 733 671 88 4.399000
GC 733 671 88 96.456000
BM 733 671 88 0.904000
CBP 734 600 106 4.664000
GC 734 600 106 137.158000
BM 734 600 106 0.936000
CBP 724 600 108 4.727000
GC 724 600 108 164.770000
BM 724 600 108 0.921000
CBP 735 600 107 4.446000
GC 735 600 107 136.206000
BM 735 600 107 0.967000
CBP 742 600 116 4.837000
GC 742 600 116 159.263000
BM 742 600 116 0.967000
CBP 672 600 60 2.855000
GC 672 600 60 69.031000
BM 672 600 60 0.890000
CBP 729 600 117 4.773000
GC 729 600 117 168.747000
BM 729 600 117 1.170000
CBP 725 600 101 4.196000
GC 725 600 101 145.676000
BM 725 600 101 0.952000
CBP 791 631 93 4.867000
GC 791 631 93 164.254000
BM 791 631 93 1.030000
CBP 720 705 103 5.258000
GC 720 705 103 244.019000
BM 720 705 103 0.967000
CBP 729 690 108 5.117000
GC 729 690 108 217.561000
BM 729 690 108 0.967000
CBP 726 600 105 4.664000
GC 726 600 105 159.498000
BM 726 600 105 0.983000
CBP 728 600 126 5.382000
GC 728 600 126 243.925000
BM 728 600 126 0.952000
CBP 742 600 130 6.209000
GC 742 600 130 208.280000
BM 742 600 130 1.076000
CBP 721 600 111 4.805000
GC 721 600 111 181.197000
BM 721 600 111 1.934000
CBP 719 600 106 5.741000
GC 719 600 106 129.294000
BM 719 600 106 1.778000
CBP 736 600 109 5.429000
GC 736 600 109 197.842000
BM 736 600 109 1.357000
CBP 710 600 95 4.383000
GC 710 600 95 91.277000
BM 710 600 95 1.077000
CBP 729 600 109 4.680000
GC 729 600 109 115.068000
BM 729 600 109 0.702000
CBP 734 600 107 5.179000
GC 734 600 107 126.106000
BM 734 600 107 1.232000
CBP 735 600 112 5.070000
GC 735 600 112 127.094000
BM 735 600 112 3.088000
CBP 734 600 114 5.678000
GC 734 600 114 130.163000
BM 734 600 114 1.108000
CBP 715 600 127 5.881000
GC 715 600 127 140.070000
BM 715 600 127 2.278000
CBP 729 600 106 5.367000
GC 729 600 106 118.248000
BM 729 600 106 1.732000
CBP 724 600 118 5.585000
GC 724 600 118 137.125000
BM 724 600 118 1.903000
CBP 746 600 110 4.961000
GC 746 600 110 126.720000
BM 746 600 110 2.356000
CBP 743 600 107 6.411000
GC 743 600 107 115.753000
BM 743 600 107 2.605000
CBP 743 600 105 4.805000
GC 743 600 105 123.616000
BM 743 600 105 1.154000
CBP 734 600 95 5.351000
GC 734 600 95 121.338000
BM 734 600 95 0.764000
CBP 749 600 106 6.116000
GC 749 600 106 166.392000
BM 749 600 106 1.888000
CBP 682 600 72 3.525000
GC 682 600 72 87.485000
BM 682 600 72 1.498000
CBP 689 600 80 4.337000
GC 689 600 80 83.071000
BM 689 600 80 2.013000
CBP 682 600 70 3.510000
GC 682 600 70 87.470000
BM 682 600 70 3.120000
CBP 693 600 91 6.131000
GC 693 600 91 109.732000
BM 693 600 91 1.139000
CBP 671 600 76 3.697000
GC 671 600 76 94.646000
BM 671 600 76 2.293000
CBP 694 600 68 3.338000
GC 694 600 68 65.349000
BM 694 600 68 1.966000
CBP 721 600 112 4.930000
GC 721 600 112 128.250000
BM 721 600 112 1.295000
CBP 691 600 68 3.947000
GC 691 600 68 93.804000
BM 691 600 68 1.341000
CBP 738 600 110 4.976000
GC 738 600 110 171.602000
BM 738 600 110 1.264000
CBP 724 600 100 5.070000
GC 724 600 100 116.533000
BM 724 600 100 1.357000
CBP 707 600 96 4.493000
GC 707 600 96 103.304000
BM 707 600 96 1.217000
CBP 714 600 97 4.602000
GC 714 600 97 102.010000
BM 714 600 97 0.983000
CBP 714 600 102 4.228000
GC 714 600 102 112.291000
BM 714 600 102 1.232000
CBP 725 700 113 5.475000
GC 725 700 113 185.768000
BM 725 700 113 0.982000
CBP 781 690 76 4.602000
GC 781 690 76 199.730000
BM 781 690 76 0.951000
CBP 765 690 96 5.116000
GC 765 690 96 142.477000
BM 765 690 96 0.952000
CBP 773 685 94 5.133000
GC 773 685 94 219.293000
BM 773 685 94 0.998000
CBP 766 685 105 5.444000
GC 766 685 105 127.844000
BM 766 685 105 0.999000
CBP 686 600 76 3.401000
GC 686 600 76 93.071000
BM 686 600 76 0.952000
CBP 718 600 101 4.493000
GC 718 600 101 116.503000
BM 718 600 101 0.936000
CBP 756 639 92 4.587000
GC 756 639 92 110.294000
BM 756 639 92 1.030000
CBP 718 600 78 3.213000
GC 718 600 78 235.313000
BM 718 600 78 0.905000
CBP 790 600 137 6.053000
GC 790 600 137 132.993000
BM 790 600 137 0.982000
CBP 744 600 121 5.132000
GC 744 600 121 171.571000
BM 744 600 121 0.889000
CBP 733 690 101 4.992000
GC 733 690 101 148.139000
BM 733 690 101 0.982000
CBP 731 700 99 4.789000
GC 731 700 99 177.998000
BM 731 700 99 0.951000
CBP 725 690 89 4.571000
GC 725 690 89 144.630000
BM 725 690 89 0.936000
CBP 742 600 113 4.758000
GC 742 600 113 131.979000
BM 742 600 113 1.029000
CBP 735 705 107 5.491000
GC 735 705 107 159.668000
BM 735 705 107 0.531000
CBP 742 600 112 5.008000
GC 742 600 112 130.028000
BM 742 600 112 0.905000
CBP 745 600 114 4.915000
GC 745 600 114 147.734000
BM 745 600 114 0.920000
CBP 723 700 99 5.023000
GC 723 700 99 163.209000
BM 723 700 99 0.920000
CBP 725 695 99 4.742000
GC 725 695 99 224.893000
BM 725 695 99 0.952000
CBP 725 695 97 4.945000
GC 725 695 97 197.998000
BM 725 695 97 0.952000
CBP 729 695 95 4.602000
GC 729 695 95 204.473000
BM 729 695 95 0.889000
CBP 727 700 99 5.054000
GC 727 700 99 194.332000
BM 727 700 99 0.936000
CBP 742 690 83 4.181000
GC 742 690 83 179.575000
BM 742 690 83 0.920000
CBP 732 675 98 4.695000
GC 732 675 98 124.973000
BM 732 675 98 1.451000
CBP 734 675 89 4.852000
GC 734 675 89 139.076000
BM 734 675 89 0.998000
CBP 726 675 95 4.867000
GC 726 675 95 142.508000
BM 726 675 95 0.983000
CBP 736 680 92 4.727000
GC 736 680 92 163.038000
BM 736 680 92 1.201000
CBP 732 675 95 4.758000
GC 732 675 95 174.053000
BM 732 675 95 0.999000
CBP 737 675 87 4.540000
GC 737 675 87 157.530000
BM 737 675 87 0.952000
CBP 726 705 103 4.976000
GC 726 705 103 194.894000
BM 726 705 103 1.435000
CBP 726 700 98 5.445000
GC 726 700 98 202.943000
BM 726 700 98 0.951000
CBP 728 700 96 4.914000
GC 728 700 96 221.804000
BM 728 700 96 0.936000
CBP 732 700 94 4.587000
GC 732 700 94 208.808000
BM 732 700 94 0.936000
CBP 733 705 93 5.008000
GC 733 705 93 199.964000
BM 733 705 93 0.936000
CBP 738 705 90 4.820000
GC 738 705 90 216.546000
BM 738 705 90 0.983000
CBP 733 700 91 4.773000
GC 733 700 91 191.197000
BM 733 700 91 0.983000
CBP 709 600 100 4.196000
GC 709 600 100 95.801000
BM 709 600 100 0.874000
CBP 726 600 108 4.415000
GC 726 600 108 161.743000
BM 726 600 108 0.967000
CBP 723 600 99 4.539000
GC 723 600 99 135.583000
BM 723 600 99 0.889000
CBP 718 600 103 4.539000
GC 718 600 103 138.234000
BM 718 600 103 0.874000
CBP 716 600 117 4.930000
GC 716 600 117 210.104000
BM 716 600 117 0.936000
CBP 713 600 94 4.057000
GC 713 600 94 137.359000
BM 713 600 94 0.968000
CBP 708 600 111 4.446000
GC 708 600 111 136.440000
BM 708 600 111 0.936000
CBP 728 700 104 5.382000
GC 728 700 104 185.316000
BM 728 700 104 0.936000
CBP 730 700 96 4.961000
GC 730 700 96 177.421000
BM 730 700 96 0.921000
CBP 721 705 102 5.429000
GC 721 705 102 219.496000
BM 721 705 102 0.999000
CBP 751 600 106 4.603000
GC 751 600 106 137.344000
BM 751 600 106 0.921000
CBP 733 600 119 5.164000
GC 733 600 119 165.393000
BM 733 600 119 0.921000
CBP 715 619 128 5.117000
GC 715 619 128 170.465000
BM 715 619 128 0.874000
CBP 726 705 103 5.226000
GC 726 705 103 258.526000
BM 726 705 103 0.920000
CBP 736 700 92 4.820000
GC 736 700 92 236.953000
BM 736 700 92 0.936000
CBP 730 705 93 5.257000
GC 730 705 93 191.687000
BM 730 705 93 0.921000
CBP 730 700 96 4.976000
GC 730 700 96 272.235000
BM 730 700 96 0.904000
CBP 720 700 110 5.397000
GC 720 700 110 278.939000
BM 720 700 110 0.936000
CBP 720 705 100 5.101000
GC 720 705 100 276.542000
BM 720 705 100 0.905000
CBP 731 700 91 4.774000
GC 731 700 91 238.558000
BM 731 700 91 0.920000
CBP 732 600 116 5.054000
GC 732 600 116 205.579000
BM 732 600 116 0.873000
CBP 738 600 110 4.493000
GC 738 600 110 220.212000
BM 738 600 110 0.889000
CBP 731 600 104 4.197000
GC 731 600 104 189.839000
BM 731 600 104 0.889000
CBP 731 600 104 4.586000
GC 731 600 104 148.950000
BM 731 600 104 0.873000
CBP 717 600 111 4.462000
GC 717 600 111 143.974000
BM 717 600 111 0.889000
CBP 706 600 104 4.415000
GC 706 600 104 128.608000
BM 706 600 104 0.889000
CBP 721 600 119 5.148000
GC 721 600 119 137.876000
BM 721 600 119 0.858000
CBP 694 600 94 3.791000
GC 694 600 94 146.268000
BM 694 600 94 0.890000
CBP 721 600 109 4.321000
GC 721 600 109 127.719000
BM 721 600 109 0.889000
CBP 772 600 65 3.385000
GC 772 600 65 168.951000
BM 772 600 65 0.905000
CBP 625 449 106 2.792000
GC 625 449 106 93.133000
BM 625 449 106 0.842000
CBP 793 449 132 4.586000
GC 793 449 132 193.272000
BM 793 449 132 0.843000
CBP 736 449 87 2.823000
GC 736 449 87 92.977000
BM 736 449 87 0.842000
CBP 794 449 107 3.557000
GC 794 449 107 92.992000
BM 794 449 107 0.842000
CBP 736 449 69 2.465000
GC 736 449 69 71.964000
BM 736 449 69 0.842000
CBP 779 449 57 2.543000
GC 779 449 57 101.948000
BM 779 449 57 0.858000
CBP 762 449 64 2.652000
GC 762 449 64 91.215000
BM 762 449 64 0.843000
CBP 755 449 64 2.215000
GC 755 449 64 101.136000
BM 755 449 64 0.843000
CBP 797 449 73 2.792000
GC 797 449 73 114.880000
BM 797 449 73 0.858000
CBP 784 449 58 2.589000
GC 784 449 58 93.601000
BM 784 449 58 0.936000
CBP 799 449 74 2.762000
GC 799 449 74 152.633000
BM 799 449 74 0.905000
CBP 793 449 81 2.979000
GC 793 449 81 178.326000
BM 793 449 81 0.843000
CBP 798 449 79 2.854000
GC 798 449 79 158.981000
BM 798 449 79 0.874000
CBP 793 449 84 3.354000
GC 793 449 84 130.263000
BM 793 449 84 0.843000
CBP 795 449 59 2.387000
GC 795 449 59 82.244000
BM 795 449 59 0.889000
CBP 792 449 61 2.356000
GC 792 449 61 78.453000
BM 792 449 61 0.843000
CBP 795 449 63 2.808000
GC 795 449 63 96.035000
BM 795 449 63 0.843000
CBP 796 449 62 2.418000
GC 796 449 62 89.000000
BM 796 449 62 0.843000
CBP 796 449 62 2.340000
GC 796 449 62 86.472000
BM 796 449 62 0.858000
CBP 793 449 61 2.293000
GC 793 449 61 85.739000
BM 793 449 61 0.843000
CBP 793 449 60 2.558000
GC 793 449 60 34.773000
BM 793 449 60 0.858000
CBP 796 449 61 2.293000
GC 796 449 61 96.394000
BM 796 449 61 0.968000
CBP 771 449 69 2.620000
GC 771 449 69 106.863000
BM 771 449 69 0.842000
CBP 770 449 71 2.589000
GC 770 449 71 100.528000
BM 770 449 71 1.045000
CBP 764 449 68 2.433000
GC 764 449 68 98.281000
BM 764 449 68 0.889000
CBP 795 449 79 3.151000
GC 795 449 79 135.862000
BM 795 449 79 0.983000
CBP 795 449 79 2.995000
GC 795 449 79 135.644000
BM 795 449 79 0.905000
CBP 794 449 82 3.229000
GC 794 449 82 149.669000
BM 794 449 82 0.904000
CBP 796 449 79 2.886000
GC 796 449 79 153.974000
BM 796 449 79 0.858000
CBP 796 449 77 2.933000
GC 796 449 77 181.773000
BM 796 449 77 1.201000
CBP 782 449 90 3.681000
GC 782 449 90 190.463000
BM 782 449 90 0.920000
CBP 794 449 79 3.385000
GC 794 449 79 116.332000
BM 794 449 79 0.952000
CBP 792 449 81 3.167000
GC 792 449 81 153.912000
BM 792 449 81 0.936000
CBP 790 449 80 2.886000
GC 790 449 80 124.068000
BM 790 449 80 0.921000
CBP 793 449 82 3.213000
GC 793 449 82 130.544000
BM 793 449 82 0.967000
CBP 797 449 80 3.089000
GC 797 449 80 135.971000
BM 797 449 80 0.873000
CBP 796 449 79 2.901000
GC 796 449 79 110.372000
BM 796 449 79 1.030000
CBP 798 449 78 2.902000
GC 798 449 78 109.997000
BM 798 449 78 0.936000
CBP 796 449 83 3.167000
GC 796 449 83 144.178000
BM 796 449 83 0.874000
CBP 794 449 83 3.198000
GC 794 449 83 174.254000
BM 794 449 83 0.889000
CBP 794 449 85 3.073000
GC 794 449 85 182.368000
BM 794 449 85 0.858000
CBP 794 449 86 3.276000
GC 794 449 86 180.354000
BM 794 449 86 0.967000
CBP 789 449 81 2.949000
GC 789 449 81 195.455000
BM 789 449 81 0.889000
CBP 792 449 79 2.933000
GC 792 449 79 171.041000
BM 792 449 79 0.952000
CBP 787 449 83 3.386000
GC 787 449 83 245.688000
BM 787 449 83 0.889000
CBP 790 449 82 3.026000
GC 790 449 82 200.416000
BM 790 449 82 1.076000
CBP 784 449 82 2.995000
GC 784 449 82 182.304000
BM 784 449 82 0.936000
CBP 786 449 80 3.183000
GC 786 449 80 184.677000
BM 786 449 80 0.905000
CBP 786 449 80 3.042000
GC 786 449 80 170.869000
BM 786 449 80 0.951000
CBP 784 449 83 3.167000
GC 784 449 83 243.770000
BM 784 449 83 0.983000
CBP 786 449 80 3.120000
GC 786 449 80 139.591000
BM 786 449 80 0.936000
CBP 791 449 84 3.323000
GC 791 449 84 141.088000
BM 791 449 84 0.920000
CBP 791 449 86 3.198000
GC 791 449 86 144.287000
BM 791 449 86 0.921000
CBP 788 449 90 3.526000
GC 788 449 90 145.565000
BM 788 449 90 0.920000
CBP 791 449 81 2.948000
GC 791 449 81 154.037000
BM 791 449 81 0.874000
CBP 793 449 81 2.933000
GC 793 449 81 113.445000
BM 793 449 81 0.889000
CBP 783 449 93 3.229000
GC 783 449 93 169.668000
BM 783 449 93 0.889000
CBP 787 449 82 3.120000
GC 787 449 82 188.123000
BM 787 449 82 0.904000
CBP 787 449 85 3.073000
GC 787 449 85 135.442000
BM 787 449 85 0.936000
CBP 790 449 82 2.917000
GC 790 449 82 160.136000
BM 790 449 82 0.951000
CBP 796 449 75 2.870000
GC 796 449 75 167.452000
BM 796 449 75 0.952000
CBP 790 449 82 3.166000
GC 790 449 82 173.257000
BM 790 449 82 0.936000
CBP 787 449 86 3.042000
GC 787 449 86 162.102000
BM 787 449 86 0.905000
CBP 790 449 83 3.448000
GC 790 449 83 143.428000
BM 790 449 83 0.920000
CBP 790 449 83 3.401000
GC 790 449 83 138.874000
BM 790 449 83 0.936000
CBP 781 449 90 3.198000
GC 781 449 90 229.385000
BM 781 449 90 0.936000
CBP 782 449 86 3.245000
GC 782 449 86 179.949000
BM 782 449 86 0.936000
CBP 781 449 89 3.635000
GC 781 449 89 156.017000
BM 781 449 89 0.905000
CBP 782 449 89 3.183000
GC 782 449 89 209.822000
BM 782 449 89 0.889000
CBP 790 600 69 3.307000
GC 790 600 69 132.321000
BM 790 600 69 0.904000
CBP 750 600 87 3.885000
GC 750 600 87 90.684000
BM 750 600 87 0.905000
CBP 778 600 101 4.695000
GC 778 600 101 101.635000
BM 778 600 101 0.905000
CBP 772 600 80 3.697000
GC 772 600 80 223.786000
BM 772 600 80 0.921000
CBP 772 600 99 4.244000
GC 772 600 99 239.120000
BM 772 600 99 0.951000
CBP 773 600 63 2.996000
GC 773 600 63 51.763000
BM 773 600 63 0.874000
CBP 749 600 72 3.635000
GC 749 600 72 66.161000
BM 749 600 72 0.936000
CBP 761 600 59 2.777000
GC 761 600 59 50.217000
BM 761 600 59 0.905000
CBP 763 600 57 3.152000
GC 763 600 57 45.334000
BM 763 600 57 0.904000
CBP 783 600 83 4.088000
GC 783 600 83 103.819000
BM 783 600 83 0.920000
CBP 740 600 84 4.088000
GC 740 600 84 117.595000
BM 740 600 84 0.920000
CBP 760 600 74 3.885000
GC 760 600 74 74.398000
BM 760 600 74 0.936000
CBP 752 600 82 4.041000
GC 752 600 82 59.328000
BM 752 600 82 0.920000
CBP 742 600 68 3.479000
GC 742 600 68 69.312000
BM 742 600 68 0.936000
CBP 747 600 59 3.214000
GC 747 600 59 55.631000
BM 747 600 59 0.905000
CBP 753 600 56 3.152000
GC 753 600 56 64.741000
BM 753 600 56 0.890000
CBP 754 600 57 3.214000
GC 754 600 57 58.048000
BM 754 600 57 0.951000
CBP 754 600 57 3.183000
GC 754 600 57 66.098000
BM 754 600 57 0.889000
CBP 754 600 58 3.151000
GC 754 600 58 71.090000
BM 754 600 58 0.905000
CBP 738 600 62 3.339000
GC 738 600 62 52.386000
BM 738 600 62 0.936000
CBP 773 600 63 3.386000
GC 773 600 63 48.235000
BM 773 600 63 0.904000
CBP 762 600 121 4.914000
GC 762 600 121 132.851000
BM 762 600 121 0.936000
CBP 768 600 83 3.776000
GC 768 600 83 129.794000
BM 768 600 83 0.905000
CBP 741 600 66 3.416000
GC 741 600 66 66.192000
BM 741 600 66 0.874000
CBP 743 600 67 3.542000
GC 743 600 67 49.203000
BM 743 600 67 0.920000
CBP 748 600 80 3.916000
GC 748 600 80 63.258000
BM 748 600 80 0.890000
CBP 781 600 80 4.056000
GC 781 600 80 80.076000
BM 781 600 80 0.920000
CBP 740 600 69 3.651000
GC 740 600 69 68.845000
BM 740 600 69 0.920000
CBP 747 600 63 3.354000
GC 747 600 63 39.812000
BM 747 600 63 0.921000
CBP 739 600 61 3.011000
GC 739 600 61 92.244000
BM 739 600 61 0.905000
CBP 737 600 83 3.573000
GC 737 600 83 96.675000
BM 737 600 83 0.873000
CBP 755 600 63 3.058000
GC 755 600 63 128.906000
BM 755 600 63 1.622000
CBP 757 600 65 3.494000
GC 757 600 65 64.788000
BM 757 600 65 0.920000
CBP 751 600 70 3.651000
GC 751 600 70 91.167000
BM 751 600 70 0.905000
CBP 745 600 72 3.292000
GC 745 600 72 159.918000
BM 745 600 72 0.858000
CBP 749 600 72 3.152000
GC 749 600 72 129.528000
BM 749 600 72 0.874000
CBP 744 600 64 3.291000
GC 744 600 64 109.857000
BM 744 600 64 0.920000
CBP 742 600 70 3.291000
GC 742 600 70 83.757000
BM 742 600 70 0.874000
CBP 744 600 62 3.183000
GC 744 600 62 76.973000
BM 744 600 62 0.905000
CBP 750 600 65 3.541000
GC 750 600 65 104.490000
BM 750 600 65 1.155000
CBP 747 600 64 2.933000
GC 747 600 64 47.112000
BM 747 600 64 1.014000
CBP 746 600 62 3.370000
GC 746 600 62 61.730000
BM 746 600 62 0.983000
CBP 745 600 62 3.386000
GC 745 600 62 63.930000
BM 745 600 62 0.999000
CBP 741 600 64 3.401000
GC 741 600 64 60.654000
BM 741 600 64 1.061000
CBP 742 600 62 3.401000
GC 742 600 62 54.148000
BM 742 600 62 0.952000
CBP 749 600 63 3.541000
GC 749 600 63 62.962000
BM 749 600 63 0.921000
CBP 750 600 65 3.635000
GC 750 600 65 67.331000
BM 750 600 65 0.936000
CBP 747 600 79 3.915000
GC 747 600 79 81.449000
BM 747 600 79 0.967000
CBP 757 600 57 3.276000
GC 757 600 57 66.582000
BM 757 600 57 0.936000
CBP 747 600 69 3.635000
GC 747 600 69 81.699000
BM 747 600 69 0.920000
CBP 753 600 60 3.308000
GC 753 600 60 55.630000
BM 753 600 60 0.920000
CBP 756 600 66 3.526000
GC 756 600 66 58.610000
BM 756 600 66 0.890000
CBP 749 600 69 3.136000
GC 749 600 69 61.809000
BM 749 600 69 0.905000
CBP 758 600 64 3.448000
GC 758 600 64 50.514000
BM 758 600 64 0.920000
CBP 754 600 71 3.635000
GC 754 600 71 57.221000
BM 754 600 71 0.920000
CBP 743 600 73 3.619000
GC 743 600 73 114.443000
BM 743 600 73 0.920000
CBP 749 600 62 2.886000
GC 749 600 62 109.093000
BM 749 600 62 0.905000
CBP 749 600 61 2.808000
GC 749 600 61 137.329000
BM 749 600 61 0.499000
CBP 743 600 66 3.260000
GC 743 600 66 101.495000
BM 743 600 66 0.889000
CBP 743 600 71 3.744000
GC 743 600 71 95.348000
BM 743 600 71 0.936000
CBP 739 600 64 3.323000
GC 739 600 64 47.549000
BM 739 600 64 0.921000
CBP 738 600 75 3.432000
GC 738 600 75 54.990000
BM 738 600 75 0.905000
CBP 744 600 60 3.245000
GC 744 600 60 39.157000
BM 744 600 60 0.873000
CBP 744 600 61 3.011000
GC 744 600 61 46.036000
BM 744 600 61 0.905000
CBP 748 600 62 2.902000
GC 748 600 62 45.927000
BM 748 600 62 0.936000
CBP 745 600 55 3.120000
GC 745 600 55 49.094000
BM 745 600 55 0.920000
CBP 745 600 62 3.401000
GC 745 600 62 51.340000
BM 745 600 62 0.889000
CBP 744 600 61 3.307000
GC 744 600 61 50.170000
BM 744 600 61 0.905000
CBP 741 600 59 3.011000
GC 741 600 59 66.862000
BM 741 600 59 0.920000
CBP 762 600 75 3.807000
GC 762 600 75 120.371000
BM 762 600 75 0.936000
CBP 778 600 68 3.745000
GC 778 600 68 128.281000
BM 778 600 68 0.920000
CBP 771 600 57 2.932000
GC 771 600 57 153.287000
BM 771 600 57 0.905000
CBP 771 600 57 3.214000
GC 771 600 57 176.908000
BM 771 600 57 0.999000
CBP 769 600 59 2.840000
GC 769 600 59 168.825000
BM 769 600 59 0.983000
CBP 769 600 59 3.276000
GC 769 600 59 161.790000
BM 769 600 59 0.920000
CBP 771 600 65 3.416000
GC 771 600 65 242.272000
BM 771 600 65 0.921000
CBP 762 600 62 3.432000
GC 762 600 62 95.941000
BM 762 600 62 0.905000
CBP 778 600 128 5.335000
GC 778 600 128 161.650000
BM 778 600 128 0.920000
CBP 788 600 112 5.008000
GC 788 600 112 172.586000
BM 788 600 112 0.890000
CBP 766 600 66 2.949000
GC 766 600 66 91.183000
BM 766 600 66 0.890000
CBP 763 600 60 3.136000
GC 763 600 60 87.237000
BM 763 600 60 0.920000
CBP 767 600 57 2.637000
GC 767 600 57 74.149000
BM 767 600 57 0.889000
CBP 740 600 61 2.714000
GC 740 600 61 70.622000
BM 740 600 61 0.920000
CBP 744 600 64 3.292000
GC 744 600 64 71.137000
BM 744 600 64 0.936000
CBP 745 600 63 2.809000
GC 745 600 63 66.660000
BM 745 600 63 0.920000
CBP 755 600 80 3.433000
GC 755 600 80 170.292000
BM 755 600 80 0.889000
CBP 757 600 77 3.323000
GC 757 600 77 160.900000
BM 757 600 77 0.921000
CBP 755 600 72 3.573000
GC 755 600 72 72.478000
BM 755 600 72 0.920000
CBP 740 600 93 4.228000
GC 740 600 93 144.631000
BM 740 600 93 0.905000
CBP 757 600 80 3.854000
GC 757 600 80 135.941000
BM 757 600 80 0.873000
CBP 747 600 80 3.619000
GC 747 600 80 113.445000
BM 747 600 80 0.951000
CBP 755 449 61 2.246000
GC 755 449 61 43.977000
BM 755 449 61 0.858000
CBP 739 449 67 2.277000
GC 739 449 67 56.551000
BM 739 449 67 0.874000
CBP 744 449 60 2.433000
GC 744 449 60 45.725000
BM 744 449 60 0.874000
CBP 745 449 108 3.417000
GC 745 449 108 158.872000
BM 745 449 108 0.874000
CBP 750 449 73 2.558000
GC 750 449 73 53.165000
BM 750 449 73 0.874000
CBP 774 449 55 2.371000
GC 774 449 55 83.009000
BM 774 449 55 0.999000
CBP 788 449 73 2.733000
GC 788 449 73 71.668000
BM 788 449 73 0.936000
CBP 750 449 60 2.199000
GC 750 449 60 43.307000
BM 750 449 60 0.921000
CBP 747 449 65 2.324000
GC 747 449 65 34.946000
BM 747 449 65 0.920000
CBP 749 449 56 2.184000
GC 749 449 56 31.871000
BM 749 449 56 0.889000
CBP 741 449 69 2.340000
GC 741 449 69 72.431000
BM 741 449 69 0.889000
CBP 742 449 69 2.605000
GC 742 449 69 68.469000
BM 742 449 69 0.889000
CBP 741 449 64 2.434000
GC 741 449 64 102.103000
BM 741 449 64 0.873000
CBP 739 449 61 2.200000
GC 739 449 61 158.468000
BM 739 449 61 0.874000
CBP 740 449 62 2.293000
GC 740 449 62 65.849000
BM 740 449 62 1.060000
CBP 741 449 70 2.761000
GC 741 449 70 60.154000
BM 741 449 70 0.936000
CBP 740 449 77 2.590000
GC 740 449 77 107.814000
BM 740 449 77 0.936000
CBP 749 449 67 2.636000
GC 749 449 67 61.606000
BM 749 449 67 0.889000
CBP 749 449 75 2.637000
GC 749 449 75 67.674000
BM 749 449 75 0.874000
CBP 743 449 59 2.402000
GC 743 449 59 47.051000
BM 743 449 59 0.936000
CBP 740 449 71 2.496000
GC 740 449 71 141.260000
BM 740 449 71 0.890000
CBP 741 449 66 2.792000
GC 741 449 66 87.626000
BM 741 449 66 0.921000
CBP 742 449 58 2.137000
GC 742 449 58 61.090000
BM 742 449 58 0.858000
CBP 749 449 72 2.668000
GC 749 449 72 47.534000
BM 749 449 72 0.967000
CBP 755 449 67 2.542000
GC 755 449 67 54.274000
BM 755 449 67 0.905000
CBP 741 449 78 2.699000
GC 741 449 78 64.196000
BM 741 449 78 0.936000
CBP 741 449 60 2.231000
GC 741 449 60 51.075000
BM 741 449 60 0.920000
CBP 751 449 70 2.683000
GC 751 449 70 61.715000
BM 751 449 70 0.858000
CBP 750 449 72 2.558000
GC 750 449 72 48.345000
BM 750 449 72 0.936000
CBP 748 449 75 2.964000
GC 748 449 75 63.071000
BM 748 449 75 0.874000
CBP 754 449 76 2.714000
GC 754 449 76 62.416000
BM 754 449 76 0.889000
CBP 749 449 74 2.793000
GC 749 449 74 68.501000
BM 749 449 74 0.858000
CBP 743 449 67 2.449000
GC 743 449 67 40.935000
BM 743 449 67 0.858000
CBP 743 449 67 2.418000
GC 743 449 67 55.396000
BM 743 449 67 0.873000
CBP 747 449 61 2.386000
GC 747 449 61 51.855000
BM 747 449 61 0.874000
CBP 749 449 55 2.543000
GC 749 449 55 33.026000
BM 749 449 55 0.858000
CBP 749 449 66 2.603000
GC 749 449 66 36.306000
BM 749 449 66 0.842000
CBP 742 449 73 2.525000
GC 742 449 73 39.861000
BM 742 449 73 0.936000
CBP 740 449 73 2.962000
GC 740 449 73 68.686000
BM 740 449 73 0.889000
CBP 741 449 62 2.463000
GC 741 449 62 107.608000
BM 741 449 62 0.873000
CBP 742 449 70 2.604000
GC 742 449 70 46.507000
BM 742 449 70 0.889000
CBP 740 449 60 2.309000
GC 740 449 60 35.263000
BM 740 449 60 0.873000
CBP 741 449 59 2.339000
GC 741 449 59 41.501000
BM 741 449 59 0.873000
CBP 742 449 61 2.464000
GC 742 449 61 42.813000
BM 742 449 61 0.873000
CBP 742 449 80 3.229000
GC 742 449 80 41.493000
BM 742 449 80 0.890000
CBP 740 449 60 2.308000
GC 740 449 60 101.127000
BM 740 449 60 0.873000
CBP 776 449 68 2.667000
GC 776 449 68 64.657000
BM 776 449 68 0.905000
CBP 758 449 127 4.227000
GC 758 449 127 73.021000
BM 758 449 127 0.967000
CBP 789 449 73 2.683000
GC 789 449 73 127.825000
BM 789 449 73 0.890000
CBP 787 449 68 2.559000
GC 787 449 68 93.693000
BM 787 449 68 0.936000
CBP 739 449 73 2.496000
GC 739 449 73 43.166000
BM 739 449 73 0.936000
CBP 741 449 100 3.557000
GC 741 449 100 56.831000
BM 741 449 100 0.889000
CBP 741 449 69 2.402000
GC 741 449 69 42.713000
BM 741 449 69 0.905000
CBP 742 449 67 2.496000
GC 742 449 67 46.333000
BM 742 449 67 0.842000
CBP 742 449 85 3.010000
GC 742 449 85 56.660000
BM 742 449 85 0.905000
CBP 741 449 86 3.073000
GC 741 449 86 40.607000
BM 741 449 86 0.905000
CBP 739 449 77 2.792000
GC 739 449 77 48.625000
BM 739 449 77 0.858000
CBP 741 449 103 3.682000
GC 741 449 103 69.124000
BM 741 449 103 0.889000
CBP 740 449 60 2.324000
GC 740 449 60 49.936000
BM 740 449 60 0.904000
CBP 744 449 58 2.277000
GC 744 449 58 50.248000
BM 744 449 58 0.905000
CBP 746 449 55 2.059000
GC 746 449 55 36.458000
BM 746 449 55 0.890000
CBP 741 449 59 2.293000
GC 741 449 59 48.564000
BM 741 449 59 1.357000
CBP 741 449 59 2.262000
GC 741 449 59 181.758000
BM 741 449 59 0.952000
CBP 744 449 60 2.543000
GC 744 449 60 56.161000
BM 744 449 60 0.921000
CBP 742 449 58 2.309000
GC 742 449 58 62.589000
BM 742 449 58 0.904000
CBP 745 449 80 2.699000
GC 745 449 80 75.006000
BM 745 449 80 0.920000
CBP 744 449 86 2.808000
GC 744 449 86 72.806000
BM 744 449 86 1.123000
CBP 775 449 84 3.120000
GC 775 449 84 97.829000
BM 775 449 84 0.890000
CBP 761 449 69 2.480000
GC 761 449 69 54.649000
BM 761 449 69 0.890000
CBP 785 449 75 3.260000
GC 785 449 75 57.050000
BM 785 449 75 1.046000
CBP 765 449 56 2.247000
GC 765 449 56 41.762000
BM 765 449 56 0.873000
CBP 745 449 63 2.262000
GC 745 449 63 57.580000
BM 745 449 63 0.936000
CBP 777 449 72 3.229000
GC 777 449 72 64.616000
BM 777 449 72 0.920000
CBP 758 449 68 2.418000
GC 758 449 68 55.163000
BM 758 449 68 0.890000
CBP 799 449 76 2.948000
GC 799 449 76 64.554000
BM 799 449 76 0.921000
CBP 768 449 62 2.730000
GC 768 449 62 50.388000
BM 768 449 62 0.905000
CBP 750 449 74 2.574000
GC 750 449 74 81.543000
BM 750 449 74 0.904000
CBP 749 449 69 2.855000
GC 749 449 69 46.645000
BM 749 449 69 0.889000
CBP 751 449 63 2.793000
GC 751 449 63 48.360000
BM 751 449 63 0.874000
CBP 746 449 75 3.011000
GC 746 449 75 88.297000
BM 746 449 75 0.951000
CBP 748 449 72 2.948000
GC 748 449 72 84.132000
BM 748 449 72 0.905000
CBP 749 449 79 2.699000
GC 749 449 79 69.031000
BM 749 449 79 0.858000
CBP 744 449 68 2.512000
GC 744 449 68 48.439000
BM 744 449 68 0.905000
CBP 743 449 67 2.340000
GC 743 449 67 102.867000
BM 743 449 67 0.889000
CBP 743 449 63 2.683000
GC 743 449 63 86.784000
BM 743 449 63 0.952000
CBP 743 449 74 2.574000
GC 743 449 74 57.908000
BM 743 449 74 0.889000
CBP 747 449 77 3.120000
GC 747 449 77 61.683000
BM 747 449 77 0.874000
CBP 748 449 60 2.293000
GC 748 449 60 34.289000
BM 748 449 60 0.904000
CBP 748 449 60 2.230000
GC 748 449 60 29.032000
BM 748 449 60 0.936000
CBP 750 449 58 2.184000
GC 750 449 58 35.911000
BM 750 449 58 0.874000
CBP 751 449 63 2.293000
GC 751 449 63 30.654000
BM 751 449 63 0.873000
CBP 751 449 67 2.355000
GC 751 449 67 35.772000
BM 751 449 67 0.905000
CBP 753 449 78 2.714000
GC 753 449 78 50.498000
BM 753 449 78 0.905000
CBP 751 449 62 2.262000
GC 751 449 62 38.892000
BM 751 449 62 0.905000
CBP 754 449 59 2.340000
GC 754 449 59 39.017000
BM 754 449 59 0.921000
CBP 752 449 60 2.184000
GC 752 449 60 35.989000
BM 752 449 60 0.889000
CBP 742 449 61 2.637000
GC 742 449 61 133.694000
BM 742 449 61 0.904000
CBP 741 449 90 2.917000
GC 741 449 90 71.262000
BM 741 449 90 0.874000
CBP 741 449 73 2.496000
GC 741 449 73 61.386000
BM 741 449 73 0.874000
CBP 744 449 71 2.496000
GC 744 449 71 79.358000
BM 744 449 71 0.889000
CBP 742 449 63 2.277000
GC 742 449 63 57.315000
BM 742 449 63 0.936000
CBP 741 449 59 2.169000
GC 741 449 59 70.982000
BM 741 449 59 0.921000
CBP 741 449 77 2.605000
GC 741 449 77 121.698000
BM 741 449 77 0.951000
CBP 742 449 74 2.605000
GC 742 449 74 54.897000
BM 742 449 74 0.905000
CBP 744 449 80 2.762000
GC 744 449 80 45.381000
BM 744 449 80 0.967000
CBP 760 449 55 2.121000
GC 760 449 55 38.908000
BM 760 449 55 1.124000
CBP 757 449 56 2.371000
GC 757 449 56 42.480000
BM 757 449 56 0.889000
CBP 762 449 55 2.496000
GC 762 449 55 39.827000
BM 762 449 55 0.904000
CBP 759 449 59 2.574000
GC 759 449 59 52.495000
BM 759 449 59 0.921000
CBP 762 449 64 2.372000
GC 762 449 64 51.995000
BM 762 449 64 0.920000
CBP 765 449 67 2.637000
GC 765 449 67 48.376000
BM 765 449 67 0.936000
CBP 769 449 76 2.777000
GC 769 449 76 67.221000
BM 769 449 76 0.874000
CBP 749 449 78 3.042000
GC 749 449 78 63.758000
BM 749 449 78 0.889000
CBP 767 449 79 2.917000
GC 767 449 79 72.682000
BM 767 449 79 0.889000
CBP 762 449 75 2.621000
GC 762 449 75 65.676000
BM 762 449 75 0.905000
CBP 778 449 85 2.995000
GC 778 449 85 75.115000
BM 778 449 85 0.889000
CBP 755 449 73 2.543000
GC 755 449 73 43.883000
BM 755 449 73 0.921000
CBP 751 449 73 2.480000
GC 751 449 73 40.764000
BM 751 449 73 0.983000
CBP 762 449 56 2.309000
GC 762 449 56 43.572000
BM 762 449 56 0.905000
CBP 762 449 57 2.137000
GC 762 449 57 39.204000
BM 762 449 57 1.092000
CBP 765 449 56 2.262000
GC 765 449 56 49.158000
BM 765 449 56 0.905000
CBP 757 449 54 2.028000
GC 757 449 54 28.470000
BM 757 449 54 0.905000
CBP 758 449 54 2.059000
GC 758 449 54 27.270000
BM 758 449 54 0.920000
CBP 784 449 91 3.214000
GC 784 449 91 59.998000
BM 784 449 91 0.904000
CBP 766 449 77 2.667000
GC 766 449 77 61.589000
BM 766 449 77 0.936000
CBP 747 449 98 3.213000
GC 747 449 98 59.702000
BM 747 449 98 0.905000
CBP 787 449 60 2.449000
GC 787 449 60 36.114000
BM 787 449 60 0.905000
CBP 745 449 83 2.886000
GC 745 449 83 49.546000
BM 745 449 83 0.874000
CBP 759 449 77 2.730000
GC 759 449 77 41.465000
BM 759 449 77 0.905000
CBP 769 449 61 2.277000
GC 769 449 61 36.816000
BM 769 449 61 0.905000
CBP 755 449 63 2.246000
GC 755 449 63 32.152000
BM 755 449 63 0.889000
CBP 754 449 65 2.309000
GC 754 449 65 36.520000
BM 754 449 65 0.905000
CBP 755 449 71 2.668000
GC 755 449 71 41.762000
BM 755 449 71 0.889000
CBP 779 449 78 2.777000
GC 779 449 78 58.470000
BM 779 449 78 0.890000
CBP 761 449 56 2.090000
GC 761 449 56 41.918000
BM 761 449 56 0.889000
CBP 762 449 58 2.184000
GC 762 449 58 44.835000
BM 762 449 58 0.858000
CBP 765 449 58 2.184000
GC 765 449 58 57.784000
BM 765 449 58 0.890000
CBP 763 449 57 2.122000
GC 763 449 57 34.899000
BM 763 449 57 0.889000
CBP 759 449 61 2.418000
GC 759 449 61 37.456000
BM 759 449 61 0.920000
CBP 746 449 67 2.871000
GC 746 449 67 43.914000
BM 746 449 67 0.889000
CBP 744 449 56 2.121000
GC 744 449 56 32.682000
BM 744 449 56 0.889000
CBP 749 449 64 2.496000
GC 749 449 64 52.666000
BM 749 449 64 0.874000
CBP 752 449 62 2.262000
GC 752 449 62 35.569000
BM 752 449 62 0.905000
CBP 759 449 109 3.619000
GC 759 449 109 102.041000
BM 759 449 109 0.874000
CBP 768 449 103 3.728000
GC 768 449 103 90.980000
BM 768 449 103 0.874000
CBP 782 449 94 3.619000
GC 782 449 94 85.161000
BM 782 449 94 0.936000
CBP 778 449 101 3.744000
GC 778 449 101 58.876000
BM 778 449 101 0.920000
CBP 746 449 78 2.605000
GC 746 449 78 91.043000
BM 746 449 78 0.889000
CBP 765 449 105 3.573000
GC 765 449 105 87.506000
BM 765 449 105 0.936000
CBP 798 449 72 2.839000
GC 798 449 72 107.783000
BM 798 449 72 0.889000
CBP 772 449 77 2.777000
GC 772 449 77 80.842000
BM 772 449 77 0.905000
CBP 747 449 56 2.589000
GC 747 449 56 40.062000
BM 747 449 56 0.889000
CBP 747 449 59 2.340000
GC 747 449 59 43.088000
BM 747 449 59 0.889000
CBP 744 449 68 2.793000
GC 744 449 68 36.569000
BM 744 449 68 0.889000
CBP 750 449 67 2.387000
GC 750 449 67 31.762000
BM 750 449 67 0.484000
CBP 762 449 64 2.543000
GC 762 449 64 108.563000
BM 762 449 64 0.858000
CBP 769 449 58 2.730000
GC 769 449 58 120.762000
BM 769 449 58 0.920000
CBP 744 449 73 2.621000
GC 744 449 73 67.736000
BM 744 449 73 0.904000
CBP 753 449 62 2.372000
GC 753 449 62 62.650000
BM 753 449 62 0.890000
CBP 737 600 63 3.479000
GC 737 600 63 57.581000
BM 737 600 63 0.905000
CBP 742 600 64 3.541000
GC 742 600 64 54.928000
BM 742 600 64 0.967000
CBP 742 600 58 3.182000
GC 742 600 58 79.390000
BM 742 600 58 0.890000
CBP 741 600 59 2.995000
GC 741 600 59 83.793000
BM 741 600 59 0.873000
CBP 748 600 54 2.512000
GC 748 600 54 50.342000
BM 748 600 54 0.920000
CBP 751 600 64 3.370000
GC 751 600 64 48.548000
BM 751 600 64 0.921000
CBP 742 600 65 3.339000
GC 742 600 65 74.756000
BM 742 600 65 0.874000
CBP 741 600 59 2.699000
GC 741 600 59 66.660000
BM 741 600 59 0.936000
CBP 739 600 61 2.917000
GC 739 600 61 92.136000
BM 739 600 61 0.889000
CBP 740 600 60 2.793000
GC 740 600 60 109.654000
BM 740 600 60 0.920000
CBP 739 600 61 2.933000
GC 739 600 61 89.186000
BM 739 600 61 0.905000
CBP 739 600 61 3.182000
GC 739 600 61 43.961000
BM 739 600 61 0.936000
CBP 740 600 60 2.948000
GC 740 600 60 132.057000
BM 740 600 60 0.889000
CBP 740 600 60 2.917000
GC 740 600 60 80.951000
BM 740 600 60 0.936000
CBP 745 449 55 2.465000
GC 745 449 55 34.466000
BM 745 449 55 0.877000
CBP 744 449 61 2.201000
GC 744 449 61 49.049000
BM 744 449 61 0.937000
CBP 746 449 54 2.008000
GC 746 449 54 41.471000
BM 746 449 54 0.944000
CBP 744 449 56 2.106000
GC 744 449 56 81.924000
BM 744 449 56 2.054000
CBP 745 449 55 2.616000
GC 745 449 55 42.411000
BM 745 449 55 1.105000
CBP 744 449 56 2.058000
GC 744 449 56 98.851000
BM 744 449 56 1.036000
CBP 743 449 57 2.074000
GC 743 449 57 38.034000
BM 743 449 57 0.863000
CBP 744 449 56 2.492000
GC 744 449 56 58.966000
BM 744 449 56 0.891000
CBP 745 449 56 2.099000
GC 745 449 56 140.262000
BM 745 449 56 0.929000
CBP 743 449 57 2.106000
GC 743 449 57 40.206000
BM 743 449 57 0.926000
CBP 744 449 56 2.106000
GC 744 449 56 44.715000
BM 744 449 56 0.880000
CBP 744 449 56 1.992000
GC 744 449 56 63.693000
BM 744 449 56 0.892000
CBP 744 449 59 2.138000
GC 744 449 59 75.141000
BM 744 449 59 0.911000
CBP 745 449 55 2.040000
GC 745 449 55 39.566000
BM 745 449 55 0.910000
CBP 746 449 54 2.074000
GC 746 449 54 29.375000
BM 746 449 54 0.925000
CBP 750 449 53 2.182000
GC 750 449 53 32.051000
BM 750 449 53 0.915000
CBP 752 449 55 2.576000
GC 752 449 55 37.164000
BM 752 449 55 0.871000
CBP 750 449 58 2.198000
GC 750 449 58 48.928000
BM 750 449 58 0.873000
CBP 759 449 62 2.326000
GC 759 449 62 47.397000
BM 759 449 62 0.860000
CBP 743 449 57 2.067000
GC 743 449 57 56.275000
BM 743 449 57 0.930000
CBP 743 449 57 2.051000
GC 743 449 57 65.864000
BM 743 449 57 0.877000
CBP 743 449 57 2.464000
GC 743 449 57 74.953000
BM 743 449 57 0.868000
CBP 744 449 59 2.571000
GC 744 449 59 47.463000
BM 744 449 59 0.884000
CBP 743 449 57 2.100000
GC 743 449 57 82.629000
BM 743 449 57 0.884000
CBP 744 449 56 2.083000
GC 744 449 56 64.445000
BM 744 449 56 0.859000
CBP 751 449 65 2.495000
GC 751 449 65 46.920000
BM 751 449 65 0.879000
CBP 744 449 56 2.031000
GC 744 449 56 55.592000
BM 744 449 56 0.857000
CBP 746 449 55 2.098000
GC 746 449 55 47.624000
BM 746 449 55 0.911000
CBP 746 449 54 2.058000
GC 746 449 54 45.699000
BM 746 449 54 0.888000
CBP 743 449 57 2.077000
GC 743 449 57 50.340000
BM 743 449 57 0.845000
CBP 744 449 56 2.120000
GC 744 449 56 55.668000
BM 744 449 56 0.898000
CBP 743 449 57 2.132000
GC 743 449 57 37.237000
BM 743 449 57 0.875000
CBP 743 449 57 2.156000
GC 743 449 57 65.860000
BM 743 449 57 0.954000
CBP 744 449 56 2.088000
GC 744 449 56 57.317000
BM 744 449 56 0.860000
CBP 745 449 55 2.089000
GC 745 449 55 45.576000
BM 745 449 55 0.903000
CBP 743 449 57 2.085000
GC 743 449 57 105.339000
BM 743 449 57 0.873000
CBP 743 449 57 2.178000
GC 743 449 57 69.352000
BM 743 449 57 0.932000
CBP 744 449 56 2.096000
GC 744 449 56 94.155000
BM 744 449 56 0.876000
CBP 748 449 55 2.111000
GC 748 449 55 45.844000
BM 748 449 55 0.857000
CBP 770 449 61 2.327000
GC 770 449 61 35.729000
BM 770 449 61 0.910000
CBP 776 449 102 3.461000
GC 776 449 102 63.641000
BM 776 449 102 0.914000
CBP 756 449 55 2.060000
GC 756 449 55 46.633000
BM 756 449 55 0.889000
CBP 764 449 56 2.154000
GC 764 449 56 31.111000
BM 764 449 56 0.878000
CBP 745 449 56 2.128000
GC 745 449 56 37.607000
BM 745 449 56 0.875000
CBP 782 600 61 3.566000
GC 782 600 61 63.243000
BM 782 600 61 0.936000
CBP 765 600 61 3.587000
GC 765 600 61 43.739000
GC 786 449 61 102.491000
BM 786 449 61 0.985000
CBP 786 449 61 2.730000
GC 786 449 61 117.369000
BM 786 449 61 0.892000
CBP 796 449 70 2.874000
GC 796 449 70 147.949000
BM 796 449 70 0.952000
CBP 796 449 70 2.918000
CBP 759 600 91 4.284000
BM 759 600 91 1.048000
CBP 759 600 91 4.618000
GC 759 600 91 125.534000
BM 759 600 91 0.998000
CBP 741 600 95 4.764000
BM 741 600 95 1.421000
CBP 741 600 95 4.316000
GC 741 600 95 128.624000
BM 741 600 95 0.934000
CBP 742 600 85 4.315000
BM 742 600 85 1.019000
CBP 742 600 85 3.780000
GC 742 600 85 100.790000
BM 742 600 85 0.913000
CBP 780 600 158 6.758000
BM 780 600 158 0.979000
CBP 780 600 158 7.189000
GC 780 600 158 244.756000
BM 780 600 158 1.033000
CBP 768 600 142 6.242000
BM 768 600 142 0.897000
CBP 768 600 142 6.397000
GC 768 600 142 211.150000
BM 768 600 142 0.912000
CBP 731 600 100 4.285000
BM 731 600 100 0.912000
CBP 731 600 100 4.691000
GC 731 600 100 142.064000
BM 731 600 100 0.932000
CBP 739 600 88 4.364000
BM 739 600 88 0.942000
CBP 739 600 88 3.890000
GC 739 600 88 268.983000
BM 739 600 88 0.914000
CBP 732 600 99 4.257000
BM 732 600 99 0.882000
CBP 732 600 99 4.263000
GC 732 600 99 539.661000
BM 732 600 99 0.907000
CBP 677 600 66 2.832000
BM 677 600 66 0.914000
CBP 677 600 66 2.828000
GC 677 600 66 100.284000
BM 677 600 66 0.916000
CBP 695 600 80 3.453000
BM 695 600 80 0.933000
CBP 695 600 80 3.768000
GC 695 600 80 124.291000
BM 695 600 80 0.936000
CBP 776 600 129 6.555000
BM 776 600 129 1.024000
CBP 776 600 129 6.287000
CBP 724 600 122 5.056000
BM 724 600 122 0.891000
CBP 785 600 185 8.833000
BM 785 600 185 1.123000
CBP 725 600 95 4.295000
BM 725 600 95 0.875000
CBP 741 600 76 4.097000
BM 741 600 76 0.930000
CBP 739 600 185 7.416000
BM 739 600 185 1.038000
CBP 734 600 130 5.867000
BM 734 600 130 1.055000
CBP 735 600 109 5.168000
BM 735 600 109 0.928000
CBP 710 600 99 4.634000
BM 710 600 99 0.946000
CBP 717 600 104 4.482000
BM 717 600 104 0.942000
CBP 729 600 101 4.788000
BM 729 600 101 0.964000
CBP 741 700 83 4.328000
BM 741 700 83 0.964000
CBP 739 705 91 5.205000
BM 739 705 91 0.957000
CBP 739 600 124 5.209000
BM 739 600 124 0.892000
CBP 738 685 136 6.794000
BM 738 685 136 0.586000
CBP 788 600 135 6.467000
BM 788 600 135 0.671000
CBP 740 600 109 4.770000
BM 740 600 109 0.985000
CBP 706 600 92 4.351000
BM 706 600 92 0.945000
CBP 793 644 71 3.729000
BM 793 644 71 1.037000
CBP 723 685 108 5.360000
BM 723 685 108 0.947000
CBP 724 685 109 5.674000
BM 724 685 109 0.958000
CBP 727 671 93 4.924000
BM 727 671 93 1.015000
CBP 729 675 101 5.236000
BM 729 675 101 0.992000
CBP 710 685 100 4.733000
BM 710 685 100 0.946000
CBP 712 695 109 5.590000
BM 712 695 109 0.967000
CBP 733 671 88 4.738000
BM 733 671 88 0.940000
CBP 734 600 106 4.485000
BM 734 600 106 1.084000
CBP 724 600 108 4.962000
BM 724 600 108 0.904000
CBP 735 600 107 5.022000
BM 735 600 107 1.067000
CBP 742 600 116 4.942000
BM 742 600 116 1.204000
CBP 672 600 60 2.776000
BM 672 600 60 0.937000
CBP 729 600 117 5.738000
BM 729 600 117 1.085000
CBP 725 600 101 4.756000
BM 725 600 101 0.907000
CBP 791 631 93 5.021000
BM 791 631 93 0.992000
CBP 720 705 103 5.524000
BM 720 705 103 1.064000
CBP 729 690 108 5.582000
BM 729 690 108 0.968000
CBP 726 600 105 4.479000
BM 726 600 105 0.913000
CBP 728 600 126 5.698000
BM 728 600 126 0.952000
CBP 742 600 130 5.947000
BM 742 600 130 0.970000
CBP 721 600 111 4.843000
BM 721 600 111 0.910000
CBP 719 600 106 4.904000
BM 719 600 106 0.962000
CBP 736 600 109 5.126000
BM 736 600 109 0.967000
CBP 710 600 95 3.966000
BM 710 600 95 0.504000
CBP 729 600 109 5.110000
BM 729 600 109 1.310000
CBP 734 600 107 4.777000
BM 734 600 107 0.957000
CBP 735 600 112 5.416000
BM 735 600 112 0.943000
CBP 734 600 114 4.962000
BM 734 600 114 0.914000
CBP 715 600 127 5.551000
BM 715 600 127 0.921000
CBP 729 600 106 4.556000
BM 729 600 106 1.018000
CBP 724 600 118 5.332000
BM 724 600 118 0.923000
CBP 746 600 110 4.827000
BM 746 600 110 0.938000
CBP 743 600 107 5.076000
BM 743 600 107 0.902000
CBP 743 600 105 4.799000
BM 743 600 105 1.118000
CBP 734 600 95 4.643000
BM 734 600 95 0.906000
CBP 749 600 106 5.362000
BM 749 600 106 0.940000
CBP 682 600 72 3.512000
BM 682 600 72 0.898000
CBP 689 600 80 3.517000
BM 689 600 80 0.965000
CBP 682 600 70 3.423000
BM 682 600 70 0.902000
CBP 693 600 91 3.920000
BM 693 600 91 1.059000
CBP 671 600 76 3.596000
BM 671 600 76 0.952000
CBP 694 600 68 3.161000
BM 694 600 68 0.935000
CBP 721 600 112 4.665000
BM 721 600 112 0.956000
CBP 691 600 68 3.483000
BM 691 600 68 0.892000
CBP 738 600 110 4.754000
BM 738 600 110 0.954000
CBP 724 600 100 4.279000
BM 724 600 100 0.958000
CBP 707 600 96 4.442000
BM 707 600 96 0.977000
CBP 714 600 97 4.632000
BM 714 600 97 0.951000
CBP 714 600 102 4.704000
BM 714 600 102 0.892000
CBP 725 700 113 5.896000
BM 725 700 113 0.975000
CBP 781 690 76 4.180000
BM 781 690 76 1.020000
CBP 765 690 96 5.008000
BM 765 690 96 0.952000
CBP 773 685 94 5.369000
BM 773 685 94 1.025000
CBP 766 685 105 5.503000
BM 766 685 105 0.580000
CBP 686 600 76 3.282000
BM 686 600 76 0.902000
CBP 718 600 101 5.272000
BM 718 600 101 0.954000
CBP 756 639 92 4.923000
BM 756 639 92 0.964000
CBP 718 600 78 3.469000
BM 718 600 78 0.992000
CBP 790 600 137 6.114000
BM 790 600 137 0.953000
CBP 744 600 121 5.717000
BM 744 600 121 0.927000
CBP 733 690 101 5.424000
BM 733 690 101 0.989000
CBP 731 700 99 5.076000
BM 731 700 99 0.999000
CBP 725 690 89 4.381000
BM 725 690 89 0.910000
CBP 742 600 113 4.961000
BM 742 600 113 1.261000
CBP 735 705 107 5.509000
BM 735 705 107 1.060000
CBP 742 600 112 4.974000
BM 742 600 112 0.959000
CBP 745 600 114 5.503000
BM 745 600 114 1.005000
CBP 723 700 99 4.968000
BM 723 700 99 0.977000
CBP 725 695 99 5.392000
BM 725 695 99 0.974000
CBP 725 695 97 5.317000
BM 725 695 97 0.973000
CBP 729 695 95 5.324000
BM 729 695 95 0.966000
CBP 727 700 99 4.937000
BM 727 700 99 0.960000
CBP 742 690 83 4.343000
BM 742 690 83 0.961000
CBP 732 675 98 5.008000
BM 732 675 98 0.911000
CBP 734 675 89 4.779000
BM 734 675 89 0.965000
CBP 726 675 95 5.027000
BM 726 675 95 0.913000
CBP 736 680 92 5.177000
BM 736 680 92 0.996000
CBP 732 675 95 5.043000
BM 732 675 95 1.011000
CBP 737 675 87 4.804000
BM 737 675 87 0.963000
CBP 726 705 103 5.754000
BM 726 705 103 0.974000
CBP 726 700 98 5.296000
BM 726 700 98 0.952000
CBP 728 700 96 5.207000
BM 728 700 96 1.113000
CBP 732 700 94 5.216000
BM 732 700 94 0.966000
CBP 733 705 93 5.242000
BM 733 705 93 1.081000
CBP 738 705 90 4.968000
BM 738 705 90 1.027000
CBP 733 700 91 4.747000
BM 733 700 91 1.118000
CBP 709 600 100 4.704000
BM 709 600 100 1.032000
CBP 726 600 108 4.624000
BM 726 600 108 0.980000
CBP 723 600 99 4.268000
BM 723 600 99 0.898000
CBP 718 600 103 4.361000
BM 718 600 103 0.890000
CBP 716 600 117 5.009000
BM 716 600 117 1.072000
CBP 713 600 94 4.521000
BM 713 600 94 0.921000
CBP 708 600 111 4.590000
BM 708 600 111 1.007000
CBP 728 700 104 5.367000
BM 728 700 104 1.157000
CBP 730 700 96 5.425000
BM 730 700 96 0.988000
CBP 721 705 102 5.550000
BM 721 705 102 0.704000
CBP 751 600 106 4.867000
BM 751 600 106 1.011000
CBP 733 600 119 5.110000
BM 733 600 119 0.917000
CBP 715 619 128 5.520000
BM 715 619 128 1.008000
CBP 726 705 103 5.194000
BM 726 705 103 1.063000
CBP 736 700 92 4.882000
BM 736 700 92 1.088000
CBP 730 705 93 4.978000
BM 730 705 93 1.009000
CBP 730 700 96 5.422000
BM 730 700 96 0.725000
CBP 720 700 110 5.910000
BM 720 700 110 1.090000
CBP 720 705 100 5.525000
BM 720 705 100 1.168000
CBP 731 700 91 4.968000
BM 731 700 91 1.082000
CBP 732 600 116 5.229000
BM 732 600 116 1.043000
CBP 738 600 110 4.758000
BM 738 600 110 0.946000
CBP 731 600 104 4.703000
BM 731 600 104 0.644000
CBP 731 600 104 4.637000
BM 731 600 104 0.955000
CBP 717 600 111 4.604000
BM 717 600 111 1.072000
CBP 706 600 104 4.401000
BM 706 600 104 0.951000
CBP 721 600 119 5.445000
BM 721 600 119 1.151000
CBP 694 600 94 4.097000
BM 694 600 94 0.901000
CBP 721 600 109 5.197000
BM 721 600 109 0.957000
CBP 772 600 65 3.318000
BM 772 600 65 1.004000
CBP 625 449 106 3.413000
BM 625 449 106 0.906000
CBP 793 449 132 4.918000
BM 793 449 132 0.935000
CBP 736 449 87 3.244000
BM 736 449 87 0.959000
CBP 794 449 107 3.873000
BM 794 449 107 0.938000
CBP 736 449 69 2.482000
BM 736 449 69 0.907000
CBP 779 449 57 2.724000
BM 779 449 57 0.966000
CBP 762 449 64 2.510000
BM 762 449 64 0.896000
CBP 755 449 64 2.527000
BM 755 449 64 1.026000
CBP 797 449 73 2.948000
BM 797 449 73 0.942000
CBP 784 449 58 2.351000
BM 784 449 58 0.876000
CBP 799 449 74 2.926000
BM 799 449 74 0.946000
CBP 793 449 81 3.221000
BM 793 449 81 0.909000
CBP 798 449 79 3.157000
BM 798 449 79 0.930000
CBP 793 449 84 3.242000
BM 793 449 84 0.874000
CBP 795 449 79 3.081000
BM 795 449 79 0.996000
CBP 795 449 79 3.066000
BM 795 449 79 1.744000
CBP 794 449 82 3.181000
BM 794 449 82 0.913000
CBP 796 449 79 3.626000
BM 796 449 79 0.981000
CBP 796 449 77 3.469000
BM 796 449 77 0.976000
CBP 782 449 90 3.636000
BM 782 449 90 0.916000
CBP 794 449 79 3.458000
BM 794 449 79 1.014000
CBP 792 449 81 3.174000
BM 792 449 81 0.904000
CBP 790 449 80 3.082000
BM 790 449 80 1.018000
CBP 793 449 82 3.667000
BM 793 449 82 1.019000
CBP 797 449 80 3.632000
BM 797 449 80 0.977000
CBP 796 449 79 3.645000
BM 796 449 79 0.878000
CBP 798 449 78 3.083000
BM 798 449 78 0.948000
CBP 796 449 83 3.156000
BM 796 449 83 0.886000
CBP 794 449 83 3.651000
BM 794 449 83 0.905000
CBP 794 449 85 3.390000
BM 794 449 85 0.867000
CBP 794 449 86 3.325000
BM 794 449 86 0.880000
CBP 789 449 81 3.321000
BM 789 449 81 1.019000
CBP 792 449 79 3.222000
BM 792 449 79 0.943000
CBP 787 449 83 3.625000
BM 787 449 83 0.908000
CBP 790 449 82 3.233000
BM 790 449 82 0.948000
CBP 784 449 82 3.323000
BM 784 449 82 0.914000
CBP 786 449 80 3.150000
BM 786 449 80 0.954000
CBP 786 449 80 3.129000
BM 786 449 80 0.887000
CBP 784 449 83 3.271000
BM 784 449 83 0.961000
CBP 786 449 80 3.563000
BM 786 449 80 0.995000
CBP 791 449 84 3.658000
BM 791 449 84 0.945000
CBP 791 449 86 3.332000
BM 791 449 86 0.906000
CBP 788 449 90 3.857000
BM 788 449 90 0.944000
CBP 791 449 81 3.662000
BM 791 449 81 0.956000
CBP 793 449 81 3.114000
BM 793 449 81 0.936000
CBP 783 449 93 3.418000
BM 783 449 93 0.951000
CBP 787 449 82 3.254000
BM 787 449 82 0.947000
CBP 787 449 85 3.297000
BM 787 449 85 0.905000
CBP 790 449 82 3.188000
BM 790 449 82 0.961000
CBP 796 449 75 3.005000
BM 796 449 75 1.009000
CBP 790 449 82 3.193000
BM 790 449 82 0.900000
CBP 787 449 86 3.767000
BM 787 449 86 0.923000
CBP 790 449 83 3.301000
BM 790 449 83 1.018000
CBP 790 449 83 3.219000
BM 790 449 83 1.007000
CBP 781 449 90 3.412000
BM 781 449 90 0.919000
CBP 782 449 86 3.735000
BM 782 449 86 0.959000
CBP 781 449 89 3.925000
BM 781 449 89 0.903000
CBP 782 449 89 3.956000
BM 782 449 89 1.047000
CBP 769 600 62 3.128000
CD 786 449 61 10.356000
CD 792 449 79 12.711000
CD 754 449 75 10.138000
CD 759 449 59 8.143000
CD 752 449 62 8.132000
CD 758 449 59 8.137000
CD 775 449 61 8.113000
CD 751 449 76 9.757000
CD 747 449 61 8.800000
CD 755 600 73 9.495000
CD 737 600 76 8.654000
CD 739 600 61 7.416000
CD 632 600 83 9.425000
CD 667 600 109 14.299000
CD 682 600 116 14.278000
CD 681 600 109 13.591000
CD 766 600 202 23.135000
CD 759 600 165 13.127000
CD 652 600 75 9.023000
CD 649 600 81 10.288000
CD 657 600 88 11.328000
CD 642 600 90 11.331000
CD 714 600 87 10.720000
CD 796 600 70 8.536000
CD 788 600 75 9.709000
CD 588 600 114 17.215000
CD 749 600 60 7.274000
CD 750 600 58 6.498000
CD 791 600 59 7.181000
CD 774 600 64 7.535000
CD 774 600 55 6.843000
CD 772 600 55 7.117000
CD 747 600 84 9.690000
CD 749 600 85 10.227000
CD 768 600 72 9.339000
CD 764 600 61 7.172000
CD 772 600 83 11.405000
CD 792 600 113 13.540000
CD 787 600 72 9.219000
CD 747 600 53 7.029000
CD 741 449 74 11.199000
CD 740 449 106 12.728000
CD 741 449 84 9.336000
CD 747 449 61 7.576000
CD 776 449 75 9.714000
CD 769 449 80 8.512000
CD 768 449 75 7.999000
CD 769 449 129 14.992000
CD 730 449 123 18.018000
CD 793 449 100 11.883000
CD 750 449 85 9.418000
CD 758 449 83 9.487000
CD 795 449 68 8.649000
CD 800 449 66 7.498000
CD 757 449 68 8.200000
CD 786 449 55 10.187000
CD 755 449 69 7.760000
CD 779 449 52 6.612000
CD 764 449 69 7.996000
CD 776 449 54 9.344000
CD 757 449 68 9.235000
CD 677 449 82 18.428000
CD 696 449 85 12.197000
CD 760 449 74 15.003000
CD 797 449 60 7.491000
CD 798 449 60 8.461000
CD 774 449 67 11.582000
CD 783 449 58 7.719000
CD 743 449 107 15.600000
CD 757 449 68 10.611000
CD 795 449 67 10.026000
CD 784 449 54 7.610000
CD 790 449 62 8.713000
CD 798 449 58 8.550000
CD 795 449 62 8.938000
CD 757 449 55 6.189000
CD 751 449 67 13.718000
CD 792 449 91 16.748000
CD 771 449 75 10.791000
CD 771 449 60 7.687000
CD 757 449 54 7.867000
CD 755 449 121 13.695000
CD 751 449 62 7.200000
CD 752 449 60 6.805000
CD 781 449 66 7.713000
CD 790 449 106 13.031000
CD 762 449 63 7.774000
CD 768 449 63 7.937000
CD 746 449 61 8.294000
CD 749 449 64 8.479000
CD 744 449 67 8.555000
CD 754 449 67 11.217000
CD 800 449 96 12.373000
CD 751 449 68 7.543000
CD 773 449 61 8.138000
CD 775 449 79 9.007000
CD 756 449 71 8.869000
CD 754 449 58 6.344000
CD 778 449 70 8.564000
CD 763 449 80 8.482000
CD 767 449 85 8.934000
CD 749 449 94 10.204000
CD 757 449 92 10.006000
CD 754 449 74 8.068000
CD 763 449 111 14.019000
CD 764 449 74 8.763000
CD 789 449 83 11.058000
CD 769 449 65 8.043000
CD 797 449 64 8.180000
CD 792 449 65 7.896000
CD 774 449 59 7.277000
CD 760 449 63 7.760000
CD 757 449 60 7.308000
CD 749 449 59 6.910000
CD 775 449 51 5.621000
CD 771 449 68 7.665000
CD 773 449 57 6.503000
CD 773 449 51 5.848000
CD 750 449 64 7.301000
CD 755 449 57 6.748000
CD 794 449 53 5.868000
CD 750 449 64 7.449000
CD 766 449 62 7.833000
CD 755 449 71 8.370000
CD 771 449 50 6.290000
CD 799 449 76 8.360000
CD 763 449 64 7.640000
CD 766 449 70 8.336000
CD 746 449 58 6.459000
CD 771 449 134 24.743000
CD 756 449 76 12.917000
CD 789 449 61 6.646000
CD 799 449 54 6.395000
CD 751 449 64 8.064000
CD 753 449 65 7.592000
CD 759 449 64 7.682000
CD 769 449 60 7.130000
CD 773 449 62 7.627000
CD 774 449 58 6.663000
CD 763 449 64 7.298000
CD 791 449 74 8.627000
CD 755 449 61 10.087000
CD 744 449 65 8.479000
CD 751 449 62 9.033000
CD 773 449 77 8.694000
CD 733 449 65 7.693000
CD 782 449 109 15.316000
CD 792 449 94 11.401000
CD 776 449 99 12.037000
CD 780 449 55 6.906000
CD 745 449 56 8.595000
CD 754 449 62 7.475000
CD 438 364 41 11.409000
CD 763 449 70 9.242000
CD 743 449 59 7.913000
CD 743 449 65 9.052000
CD 782 600 105 12.572000
CD 770 600 109 13.855000
CD 790 600 90 12.381000
CD 736 600 64 8.450000
CD 735 600 65 8.602000
CD 774 600 94 13.339000
CD 739 600 61 7.466000
CD 739 600 61 7.939000
CD 735 600 65 8.472000
CD 734 600 66 8.491000
CD 744 600 59 8.764000
CD 748 600 57 8.016000
CD 749 600 66 8.636000
CD 780 600 66 8.645000
CD 782 600 72 8.648000
CD 782 600 71 8.711000
CD 779 600 63 8.264000
CD 780 600 80 10.315000
CD 780 600 85 11.264000
CD 794 600 94 12.964000
CD 783 600 103 13.035000
CD 776 600 109 15.049000
CD 787 600 97 13.590000
CD 747 600 53 6.349000
CD 748 600 52 6.680000
CD 747 600 53 7.010000
CD 752 600 54 7.037000
CD 762 600 56 7.124000
CD 778 600 64 8.557000
CD 799 600 90 11.619000
CD 746 600 60 7.728000
CD 789 600 95 13.127000
CD 734 600 66 8.362000
CD 744 600 56 8.620000
CD 744 600 56 8.367000
CD 744 600 56 6.654000
CD 742 600 58 8.155000
CD 748 600 57 9.136000
CD 747 600 58 7.595000
CD 739 600 61 9.125000
CD 748 600 52 8.902000
CD 750 600 54 9.444000
CD 749 600 57 10.180000
CD 741 600 59 7.325000
CD 748 600 95 12.988000
CD 736 600 64 7.280000
CD 735 600 65 7.557000
CD 747 600 63 8.046000
CD 742 600 64 8.289000
CD 741 600 59 7.674000
CD 742 600 58 9.288000
CD 746 600 54 7.129000
CD 756 600 66 8.307000
CD 755 600 67 8.033000
CD 738 600 79 10.360000
CD 742 600 66 9.436000
CD 764 600 60 7.089000
CD 768 600 59 7.361000
CD 749 600 63 8.779000
CD 758 600 66 7.952000
CD 752 600 65 8.991000
CD 752 600 60 8.670000
CD 753 600 67 9.683000
CD 753 600 68 10.045000
CD 750 600 64 9.020000
CD 748 600 52 6.180000
CD 765 600 58 7.171000
CD 760 600 58 7.067000
CD 759 600 52 6.475000
CD 776 600 59 8.027000
CD 742 600 58 7.684000
CD 749 600 52 6.351000
CD 739 600 61 11.738000
CD 739 600 61 15.057000
CD 742 600 58 8.101000
CD 756 600 87 10.616000
CD 755 600 109 13.028000
CD 781 600 54 7.301000
CD 788 600 58 7.396000
CD 774 600 52 6.244000
CD 783 600 105 13.582000
CD 754 600 73 10.069000
CD 747 600 53 6.613000
CD 750 600 52 6.596000
CD 746 600 54 6.379000
CD 768 600 58 6.766000
CD 760 600 64 8.430000
CD 765 600 66 8.777000
CD 743 600 57 6.971000
CD 747 600 54 7.350000
CD 800 600 10 2.573000
CD 755 600 98 13.499000
CD 736 600 75 9.265000
CD 762 600 105 14.546000
CD 747 600 69 10.977000
CD 750 600 71 9.821000
CD 755 600 100 13.373000
CD 724 600 117 14.658000
CD 780 600 96 13.456000
CD 797 600 84 12.229000
CD 796 600 77 11.152000
CD 754 600 66 9.517000
CD 746 600 57 7.888000
CD 745 600 62 8.970000
CD 768 600 96 12.934000
CD 763 600 87 11.740000
CD 753 600 160 23.538000
CD 747 600 129 18.023000
CD 780 600 83 9.933000
CD 782 600 80 10.404000
CD 779 600 84 10.028000
CD 779 600 78 9.302000
CD 764 600 82 10.494000
CD 775 600 89 11.670000
CD 766 600 85 10.677000
CD 776 600 99 11.954000
CD 794 600 83 12.626000
CD 780 600 112 13.889000
CD 794 600 85 11.555000
CD 793 600 105 13.754000
CD 791 600 100 12.641000
CD 795 600 99 12.921000
CD 734 600 93 13.375000
CD 743 600 94 13.854000
CD 791 600 96 13.876000
CD 791 600 94 12.606000
CD 790 600 93 12.714000
CD 791 600 91 12.292000
CD 783 600 79 9.210000
CD 785 600 85 11.337000
CD 794 600 106 13.331000
CD 773 600 95 11.438000
CD 777 600 87 11.408000
CD 764 600 101 12.041000
CD 788 600 103 13.552000
CD 773 600 79 9.745000
CD 775 600 139 17.773000
CD 749 600 156 22.216000
CD 657 449 63 16.728000
CD 798 449 155 19.794000
CD 743 449 67 10.883000
CD 742 449 74 9.705000
CD 743 449 59 8.468000
CD 742 449 62 8.120000
CD 759 449 79 9.747000
CD 767 449 68 9.156000
CD 779 449 58 8.203000
CD 767 449 64 8.744000
CD 775 449 51 6.638000
CD 766 449 85 11.780000
CD 759 449 60 7.634000
CD 786 449 64 8.754000
CD 786 449 65 8.441000
CD 781 449 64 8.421000
CD 788 449 78 10.324000
CD 782 449 64 8.669000
CD 780 449 48 7.925000
CD 799 449 54 7.269000
CD 799 449 55 7.083000
CD 799 449 54 6.809000
CD 747 449 74 11.190000
CD 766 449 61 10.544000
CD 748 600 105 13.005000
CD 736 600 64 7.971000
CD 736 600 64 8.499000
CD 734 600 66 9.124000
CD 737 600 63 9.607000
CD 739 600 61 7.761000
CD 735 600 65 8.783000
CD 739 600 63 9.278000
CD 732 600 74 9.153000
CD 735 600 65 7.832000
CD 739 600 61 7.874000
CD 737 600 63 7.890000
CD 741 600 61 7.830000
CD 737 600 63 8.741000
CD 739 600 61 7.846000
CD 742 449 58 7.633000
CD 743 449 57 7.323000
CD 742 449 58 10.445000
CD 741 449 59 8.969000
CD 744 449 56 6.982000
CD 744 449 56 6.768000
CD 744 449 56 7.271000
CD 744 449 56 7.832000
CD 742 449 58 6.940000
CD 744 449 56 6.871000
CD 743 449 57 6.351000
CD 744 449 56 8.168000
CD 743 449 57 7.833000
CD 783 600 84 11.254000
CD 737 600 63 9.179000
CD 743 600 65 9.116000
CD 740 600 66 8.434000
CD 737 600 65 7.998000
CD 745 600 63 8.202000
CD 739 600 61 8.153000
CD 738 600 64 8.913000
CD 738 600 62 7.738000
CD 744 600 56 7.608000
CD 737 600 63 7.933000
CD 767 600 59 7.601000
CD 752 600 65 8.538000
CD 784 600 68 8.928000
CD 743 600 61 8.467000
CD 781 600 77 9.572000
CD 747 600 60 8.104000
CD 762 600 82 10.525000
CD 767 600 61 7.538000
CD 753 600 83 10.667000
CD 738 600 66 7.889000
CD 778 600 79 9.727000
CD 721 600 107 13.571000
CD 751 600 68 9.098000
CD 744 600 56 6.868000
CD 745 600 60 7.861000
CD 761 600 67 8.163000
CD 748 600 80 9.360000
CD 758 600 61 7.649000
CD 783 600 68 8.466000
CD 784 600 63 8.165000
CD 792 600 73 8.609000
CD 766 600 64 7.351000
CD 761 600 64 7.489000
CD 796 600 64 8.095000
CD 749 600 78 9.517000
CD 757 600 76 9.453000
CD 782 600 61 7.792000
CD 743 600 60 7.370000
CD 767 600 67 8.749000
CD 734 600 102 11.975000
CD 745 449 58 7.554000
CD 742 449 68 8.246000
CD 742 449 63 7.705000
CD 742 449 58 7.315000
CD 746 449 54 6.151000
CD 754 449 56 6.550000
CD 744 449 56 6.062000
CD 744 449 56 6.233000
CD 766 449 80 11.203000
CD 793 449 66 7.732000
CD 787 449 62 7.013000
CD 774 449 58 6.692000
CD 777 449 63 7.559000
CD 764 449 56 6.494000
CD 799 449 65 8.229000
CD 782 449 58 6.852000
CD 789 449 78 10.755000
CD 744 600 59 7.494000
CD 744 600 66 7.732000
CD 746 600 67 7.878000
CD 744 600 66 7.802000
CD 743 600 65 7.847000
CD 746 600 67 8.027000
CD 744 600 67 7.978000
CD 743 600 66 7.702000
CD 754 600 58 7.374000
CD 747 600 69 8.046000
CD 744 600 67 8.164000
CD 748 600 63 8.085000
CD 751 449 64 11.425000
CD 751 449 67 9.520000
CD 752 449 66 8.776000
CD 742 449 58 10.351000
CD 742 449 58 7.616000
CD 750 600 61 11.327000
CD 774 600 50 5.599000
CD 741 600 68 8.350000
CD 742 600 63 8.002000
CD 751 449 62 8.390000
CD 750 449 66 8.236000
CD 752 449 65 8.587000
CD 751 449 64 8.469000
CD 755 449 67 8.146000
CD 749 449 57 7.917000
CD 744 449 56 7.581000
CD 751 449 74 9.215000
CD 749 449 77 10.432000
CD 751 449 56 7.195000
CD 749 449 66 8.439000
CD 743 600 57 8.564000
CD 739 600 61 8.690000
CD 762 600 69 7.961000
CD 714 600 185 24.116000
CD 745 600 69 9.356000
CD 764 449 68 10.177000
CD 758 449 50 6.584000
CD 753 449 54 7.037000
CD 761 449 77 5.418000
CD 752 449 63 8.497000
CD 752 449 54 7.450000
CD 757 449 54 7.803000
CD 750 449 56 6.952000
CD 759 449 55 6.746000
CD 748 600 81 11.688000
CD 759 600 73 9.513000
CD 741 600 71 9.549000
CD 744 600 69 9.608000
CD 746 600 71 8.546000
CD 793 600 73 9.718000
CD 758 600 72 8.233000
CD 744 600 62 7.897000
CD 784 600 68 8.053000
CD 766 600 72 8.788000
CD 795 600 97 11.954000
CD 796 600 95 11.548000
CD 744 600 77 9.641000
CD 758 600 79 9.935000
CD 742 600 80 9.162000
CD 769 600 62 7.555000
CD 789 600 101 12.911000
CD 797 600 95 11.552000
CD 780 600 153 17.850000
CD 746 600 63 7.576000
CD 781 600 74 8.564000
CD 764 600 71 8.817000
CD 704 600 103 15.540000
CD 744 600 63 7.981000
CD 784 600 119 14.896000
CD 727 600 103 14.189000
CD 708 600 87 11.849000
CD 733 600 159 19.163000
CD 799 600 153 18.955000
CD 782 600 61 7.708000
CD 676 600 69 9.807000
CD 539 600 81 12.604000
CD 769 449 65 7.715000
CD 782 449 91 12.117000
CD 786 449 93 11.268000
CD 790 449 69 8.020000
CD 754 449 55 6.185000
CD 738 600 62 7.948000
CD 740 600 60 7.528000
CD 738 600 70 9.481000
CD 741 600 68 8.627000
CD 740 600 67 8.060000
CD 742 600 58 7.214000
CD 751 600 68 8.669000
CD 780 600 75 9.362000
CD 774 600 73 10.310000
CD 741 600 65 7.737000
CD 737 600 63 7.237000
CD 738 600 62 7.571000
CD 738 600 62 7.322000
CD 736 600 64 7.322000
CD 755 600 65 8.140000
CD 737 600 64 7.348000
CD 740 600 60 7.265000
CD 745 600 62 7.854000
CD 746 600 63 7.568000
CD 783 600 62 7.885000
CD 764 600 66 8.226000
CD 755 600 68 7.913000
CD 749 600 57 7.132000
CD 754 449 57 7.180000
CD 742 449 58 7.603000
CD 743 449 57 6.488000
CD 765 449 76 9.789000
CD 748 449 63 8.336000
CD 751 449 55 6.909000
CD 746 449 59 7.239000
CD 770 449 69 8.799000
CD 750 449 72 9.953000
CD 738 449 64 4.573000
CD 755 449 69 8.356000
CD 747 449 53 6.763000
CD 744 449 57 6.714000
CD 750 449 64 7.449000
CD 744 449 56 6.810000
CD 747 449 53 7.067000
CD 745 449 55 6.232000
CD 755 449 58 6.408000
CD 758 449 60 7.004000
CD 746 449 54 6.263000
CD 746 449 54 6.754000
CD 746 449 54 6.441000
CD 747 449 56 6.737000
CD 744 449 56 6.634000
CD 746 449 56 6.604000
CD 746 449 63 6.821000
CD 745 449 55 6.611000
CD 748 449 61 7.277000
CD 750 449 63 7.472000
CD 748 449 55 6.777000
CD 746 449 76 10.073000
CD 746 449 54 7.155000
CD 758 449 70 8.224000
CD 763 449 83 9.898000
CD 754 600 59 7.021000
CD 739 600 61 7.615000
CD 753 600 61 7.218000
CD 772 449 65 8.395000
CD 762 449 59 7.584000
CD 743 449 57 10.021000
CD 743 449 58 8.233000
CD 744 449 57 8.640000
CD 743 449 57 8.516000
CD 744 449 56 7.080000
CD 743 449 57 10.340000
CD 744 449 56 7.492000
CD 741 449 59 8.869000
CD 739 600 61 8.520000
CD 752 600 61 8.731000
CD 745 600 55 6.572000
CD 746 600 63 7.853000
CD 741 600 59 7.197000
CD 739 600 61 7.623000
CD 743 600 57 6.930000
CD 741 600 59 7.243000
CD 742 600 59 7.124000
CD 745 449 55 6.473000
CD 744 449 56 5.971000
CD 747 449 53 7.512000
CD 750 449 53 8.247000
CD 746 449 54 6.174000
CD 745 449 55 6.928000
CD 745 449 55 7.353000
CD 746 449 54 7.380000
CD 747 449 53 6.755000
CD 745 449 55 6.361000
CD 751 600 60 7.336000
CD 745 600 55 6.687000
CD 744 600 56 6.603000
CD 744 600 56 6.860000
CD 746 600 55 8.714000
CD 748 600 58 7.353000
CD 748 600 58 6.772000
CD 755 600 64 8.271000
CD 750 600 62 7.940000
CD 791 449 59 7.379000
CD 788 449 63 8.669000
CD 770 449 54 6.594000
CD 778 449 73 9.874000
CD 777 449 59 6.949000
CD 769 449 69 8.588000
CD 751 449 92 10.239000
CD 786 449 67 8.184000
CD 772 449 71 8.999000
CD 764 449 61 7.435000
CD 750 449 70 8.249000
CD 780 449 72 9.649000
CD 774 449 64 8.110000
CD 772 449 62 8.225000
CD 780 449 72 8.816000
CD 759 449 69 7.612000
CD 762 449 68 7.740000
CD 766 449 61 7.411000
CD 770 449 59 6.782000
CD 767 449 59 7.009000
CD 762 449 65 9.025000
CD 764 449 60 7.637000
CD 767 449 63 9.339000
CD 786 449 61 8.013000
CD 773 449 70 9.010000
CD 770 449 77 8.726000
CD 766 449 77 9.449000
CD 780 449 91 13.368000
CD 785 449 89 11.562000
CD 753 449 68 8.946000
CD 754 449 68 9.356000
CD 762 449 63 8.892000
CD 770 449 64 9.540000
CD 770 449 70 9.057000
CD 760 449 69 9.453000
CD 767 449 61 8.462000
CD 755 449 70 9.590000
CD 765 449 63 8.612000
CD 746 449 82 10.788000
CD 772 449 82 10.671000
CD 764 449 73 9.775000
CD 764 449 62 8.806000
CD 753 449 74 10.928000
CD 763 449 86 10.541000
CD 753 449 76 8.885000
CD 755 449 69 9.381000
CD 760 449 62 7.686000
CD 746 449 62 8.190000
CD 755 449 63 7.800000
CD 743 449 59 7.642000
CD 751 449 57 7.730000
CD 745 449 57 7.035000
CD 745 449 68 9.089000
CD 747 449 55 6.493000
CD 796 449 70 10.583000
CD 759 600 91 10.695000
CD 741 600 95 11.433000
CD 742 600 85 10.141000
CD 780 600 158 17.443000
CD 768 600 142 16.885000
CD 731 600 100 12.234000
CD 739 600 88 12.886000
CD 732 600 99 14.175000
CD 677 600 66 8.861000
CD 695 600 80 10.363000
CD 776 600 129 15.299000
CD 724 600 122 15.040000
CD 785 600 185 19.179000
CD 725 600 95 9.612000
CD 741 600 76 13.315000
CD 739 600 185 20.328000
CD 734 600 130 15.607000
CD 735 600 109 13.883000
CD 710 600 99 12.991000
CD 717 600 104 12.965000
CD 729 600 101 12.635000
CD 741 700 83 9.775000
CD 739 705 91 11.303000
CD 739 600 124 13.548000
CD 738 685 136 15.012000
CD 788 600 135 14.958000
CD 740 600 109 12.771000
CD 706 600 92 11.302000
CD 793 644 71 9.366000
CD 723 685 108 12.593000
CD 724 685 109 12.394000
CD 727 671 93 11.012000
CD 729 675 101 11.543000
CD 710 685 100 11.747000
CD 712 695 109 12.453000
CD 733 671 88 10.185000
CD 734 600 106 12.367000
CD 724 600 108 12.984000
CD 735 600 107 12.451000
CD 742 600 116 13.749000
CD 672 600 60 7.562000
CD 729 600 117 14.280000
CD 725 600 101 12.100000
CD 791 631 93 12.105000
CD 720 705 103 13.051000
CD 729 690 108 13.350000
CD 726 600 105 12.884000
CD 728 600 126 15.627000
CD 742 600 130 15.345000
CD 721 600 111 12.973000
CD 719 600 106 12.243000
CD 736 600 109 13.951000
CD 710 600 95 10.618000
CD 729 600 109 13.049000
CD 734 600 107 12.454000
CD 735 600 112 13.276000
CD 734 600 114 13.017000
CD 715 600 127 14.708000
CD 729 600 106 12.341000
CD 724 600 118 14.082000
CD 746 600 110 12.877000
CD 743 600 107 12.585000
CD 743 600 105 12.585000
CD 734 600 95 11.188000
CD 749 600 106 13.050000
CD 682 600 72 9.528000
CD 689 600 80 9.812000
CD 682 600 70 8.613000
CD 693 600 91 11.052000
CD 671 600 76 9.947000
CD 694 600 68 8.149000
CD 721 600 112 12.764000
CD 691 600 68 8.422000
CD 738 600 110 13.389000
CD 724 600 100 11.641000
CD 707 600 96 11.258000
CD 714 600 97 11.399000
CD 714 600 102 11.665000
CD 725 700 113 13.328000
CD 781 690 76 10.981000
CD 765 690 96 11.807000
CD 773 685 94 12.614000
CD 766 685 105 12.300000
CD 686 600 76 9.667000
CD 718 600 101 12.069000
CD 756 639 92 10.976000
CD 718 600 78 12.234000
CD 790 600 137 14.761000
CD 744 600 121 15.106000
CD 733 690 101 12.094000
CD 731 700 99 12.524000
CD 725 690 89 11.081000
CD 742 600 113 13.579000
CD 735 705 107 12.543000
CD 742 600 112 13.102000
CD 745 600 114 13.643000
CD 723 700 99 12.421000
CD 725 695 99 12.918000
CD 725 695 97 12.113000
CD 729 695 95 11.977000
CD 727 700 99 12.305000
CD 742 690 83 10.250000
CD 732 675 98 11.198000
CD 734 675 89 11.015000
CD 726 675 95 11.377000
CD 736 680 92 11.658000
CD 732 675 95 11.480000
CD 737 675 87 11.311000
CD 726 705 103 12.842000
CD 726 700 98 12.181000
CD 728 700 96 12.640000
CD 732 700 94 11.890000
CD 733 705 93 11.756000
CD 738 705 90 11.087000
CD 733 700 91 11.440000
CD 709 600 100 11.202000
CD 726 600 108 12.810000
CD 723 600 99 12.013000
CD 718 600 103 12.782000
CD 716 600 117 13.992000
CD 713 600 94 11.737000
CD 708 600 111 12.268000
CD 728 700 104 12.942000
CD 730 700 96 12.525000
CD 721 705 102 12.733000
CD 751 600 106 13.008000
CD 733 600 119 14.794000
CD 715 619 128 15.888000
CD 726 705 103 13.734000
CD 736 700 92 12.035000
CD 730 705 93 11.765000
CD 730 700 96 11.956000
CD 720 700 110 13.721000
CD 720 705 100 13.358000
CD 731 700 91 12.144000
CD 732 600 116 13.823000
CD 738 600 110 13.324000
CD 731 600 104 13.759000
CD 731 600 104 13.155000
CD 717 600 111 13.143000
CD 706 600 104 12.732000
CD 721 600 119 14.178000
CD 694 600 94 11.923000
CD 721 600 109 12.779000
CD 772 600 65 10.240000
CD 625 449 106 17.895000
CD 793 449 132 18.807000
CD 736 449 87 13.654000
CD 794 449 107 13.787000
CD 736 449 69 9.906000
CD 779 449 57 8.949000
CD 762 449 64 10.995000
CD 755 449 64 10.952000
CD 797 449 73 12.517000
CD 784 449 58 7.889000
CD 799 449 74 11.984000
CD 793 449 81 14.931000
CD 798 449 79 12.345000
CD 793 449 84 13.422000
CD 795 449 79 13.082000
CD 795 449 79 11.967000
CD 794 449 82 13.512000
CD 796 449 79 12.469000
CD 796 449 77 13.773000
CD 782 449 90 16.200000
CD 794 449 79 13.588000
CD 792 449 81 15.304000
CD 790 449 80 12.626000
CD 793 449 82 13.189000
CD 797 449 80 11.480000
CD 796 449 79 13.168000
CD 798 449 78 12.052000
CD 796 449 83 11.572000
CD 794 449 83 15.290000
CD 794 449 85 14.101000
CD 794 449 86 13.848000
CD 789 449 81 15.121000
CD 787 449 83 15.929000
CD 790 449 82 15.539000
CD 784 449 82 16.286000
CD 786 449 80 14.251000
CD 786 449 80 16.163000
CD 784 449 83 18.303000
CD 786 449 80 15.444000
CD 791 449 84 14.957000
CD 791 449 86 13.679000
CD 788 449 90 14.390000
CD 791 449 81 14.975000
CD 793 449 81 13.340000
CD 783 449 93 15.325000
CD 787 449 82 14.104000
CD 787 449 85 14.083000
CD 790 449 82 12.208000
CD 796 449 75 13.069000
CD 790 449 82 13.757000
CD 787 449 86 14.575000
CD 790 449 83 12.998000
CD 790 449 83 15.645000
CD 781 449 90 16.604000
CD 782 449 86 18.329000
CD 781 449 89 15.920000
CD 782 449 89 15.998000
CD 790 600 69 8.760000
CD 750 600 87 10.159000
CD 778 600 101 11.051000
CD 772 600 80 10.327000
CD 772 600 99 12.953000
CD 773 600 63 7.583000
CD 749 600 72 8.393000
CD 761 600 59 6.921000
CD 763 600 57 6.709000
CD 783 600 83 10.105000
CD 740 600 84 11.332000
CD 760 600 74 9.240000
CD 752 600 82 9.124000
CD 742 600 68 8.062000
CD 747 600 59 7.172000
CD 753 600 56 7.118000
CD 754 600 57 7.120000
CD 754 600 57 7.206000
CD 754 600 58 7.140000
CD 738 600 62 7.431000
CD 773 600 63 7.296000
CD 762 600 121 12.680000
CD 768 600 83 10.301000
CD 741 600 66 7.962000
CD 743 600 67 7.660000
CD 748 600 80 9.153000
CD 781 600 80 9.473000
CD 740 600 69 8.533000
CD 747 600 63 7.319000
CD 739 600 61 7.708000
CD 737 600 83 9.645000
CD 755 600 63 8.109000
CD 757 600 65 7.842000
CD 751 600 70 8.356000
CD 745 600 72 9.789000
CD 749 600 72 9.549000
CD 744 600 64 8.194000
CD 742 600 70 8.239000
CD 744 600 62 8.269000
CD 750 600 65 9.278000
CD 747 600 64 7.303000
CD 746 600 62 8.004000
CD 745 600 62 7.789000
CD 741 600 64 7.766000
CD 742 600 62 7.617000
CD 749 600 63 8.367000
CD 750 600 65 8.692000
CD 747 600 79 10.145000
CD 757 600 57 7.686000
CD 747 600 69 9.129000
CD 753 600 60 7.654000
CD 756 600 66 7.917000
CD 749 600 69 8.158000
CD 758 600 64 7.722000
CD 754 600 71 8.341000
CD 743 600 73 9.526000
CD 749 600 62 8.588000
CD 749 600 61 9.266000
CD 743 600 66 9.257000
CD 743 600 71 9.758000
CD 739 600 67 7.934000
CD 739 600 64 7.496000
CD 738 600 75 8.366000
CD 744 600 60 7.125000
CD 744 600 61 7.399000
CD 748 600 62 7.443000
CD 745 600 55 6.724000
CD 745 600 62 7.549000
CD 744 600 61 7.545000
CD 741 600 59 7.054000
CD 762 600 75 9.424000
CD 778 600 68 9.448000
CD 771 600 57 9.362000
CD 771 600 57 9.396000
CD 769 600 59 8.976000
CD 769 600 59 9.812000
CD 771 600 65 10.582000
CD 762 600 62 8.450000
CD 778 600 128 14.055000
CD 788 600 112 13.076000
CD 766 600 66 8.497000
CD 763 600 60 7.495000
CD 767 600 57 7.304000
CD 740 600 61 7.351000
CD 744 600 64 7.716000
CD 745 600 63 7.414000
CD 755 600 80 10.979000
CD 757 600 77 10.729000
CD 755 600 72 8.498000
CD 740 600 93 12.790000
CD 757 600 80 10.344000
CD 747 600 80 10.049000
CD 755 449 61 8.061000
CD 739 449 67 8.812000
CD 744 449 60 7.535000
CD 745 449 108 16.117000
CD 750 449 73 8.821000
CD 774 449 55 7.659000
CD 788 449 73 9.719000
CD 750 449 60 7.747000
CD 747 449 65 7.503000
CD 749 449 56 6.332000
CD 741 449 69 9.508000
CD 742 449 69 9.725000
CD 741 449 64 11.177000
CD 739 449 61 11.896000
CD 740 449 62 9.657000
CD 741 449 70 8.896000
CD 740 449 77 14.150000
CD 749 449 67 8.801000
CD 749 449 75 9.972000
CD 743 449 59 7.879000
CD 740 449 71 13.381000
CD 741 449 66 10.246000
CD 742 449 58 8.334000
CD 749 449 72 9.409000
CD 755 449 67 9.799000
CD 741 449 78 10.743000
CD 741 449 60 8.353000
CD 751 449 70 9.763000
CD 750 449 72 8.889000
CD 748 449 75 9.747000
CD 754 449 76 10.124000
CD 749 449 74 10.782000
CD 743 449 67 7.861000
CD 743 449 67 8.898000
CD 747 449 61 8.463000
CD 749 449 55 6.519000
CD 749 449 66 7.555000
CD 742 449 73 8.865000
CD 740 449 73 10.625000
CD 741 449 62 12.600000
CD 742 449 70 8.554000
CD 740 449 60 7.015000
CD 741 449 59 7.560000
CD 742 449 61 7.993000
CD 741 449 70 9.247000
CD 742 449 80 8.979000
CD 740 449 60 9.033000
CD 776 449 68 9.023000
CD 758 449 127 13.918000
CD 789 449 73 13.960000
CD 787 449 68 10.179000
CD 739 449 73 8.759000
CD 741 449 100 10.728000
CD 741 449 69 8.589000
CD 742 449 67 8.365000
CD 742 449 85 9.815000
CD 741 449 86 9.145000
CD 739 449 77 9.247000
CD 741 449 103 12.251000
CD 740 449 60 8.184000
CD 744 449 58 7.369000
CD 746 449 55 6.553000
CD 741 449 59 8.063000
CD 741 449 59 12.316000
CD 744 449 60 8.187000
CD 742 449 58 8.194000
CD 745 449 80 10.630000
CD 744 449 86 11.009000
CD 775 449 84 12.450000
CD 761 449 69 8.432000
CD 785 449 75 9.227000
CD 765 449 56 6.906000
CD 745 449 63 8.445000
CD 777 449 72 9.226000
CD 758 449 68 8.770000
CD 799 449 76 10.071000
CD 768 449 62 7.917000
CD 750 449 74 10.567000
CD 749 449 69 8.314000
CD 751 449 63 7.968000
CD 746 449 75 10.828000
CD 748 449 72 12.248000
CD 749 449 79 10.127000
CD 744 449 68 9.383000
CD 743 449 67 10.071000
CD 743 449 63 8.948000
CD 743 449 74 9.368000
CD 747 449 77 9.667000
CD 748 449 60 7.242000
CD 748 449 60 7.255000
CD 750 449 58 6.584000
CD 751 449 63 7.221000
CD 751 449 67 7.600000
CD 753 449 78 9.184000
CD 751 449 62 7.602000
CD 754 449 59 7.131000
CD 752 449 60 6.889000
CD 742 449 61 12.186000
CD 741 449 90 11.283000
CD 741 449 73 9.721000
CD 744 449 71 11.376000
CD 742 449 63 8.999000
CD 741 449 59 9.482000
CD 741 449 77 12.241000
CD 742 449 74 9.382000
CD 744 449 80 9.159000
CD 760 449 55 7.075000
CD 757 449 56 6.685000
CD 762 449 55 6.729000
CD 759 449 59 6.888000
CD 762 449 64 8.161000
CD 765 449 67 8.617000
CD 769 449 76 10.508000
CD 749 449 78 9.700000
CD 767 449 79 10.441000
CD 762 449 75 9.784000
CD 778 449 85 10.616000
CD 755 449 73 8.765000
CD 751 449 73 8.025000
CD 762 449 56 6.900000
CD 762 449 57 7.075000
CD 765 449 56 7.260000
CD 757 449 54 6.347000
CD 758 449 54 6.446000
CD 784 449 91 10.388000
CD 766 449 77 9.818000
CD 747 449 98 10.959000
CD 787 449 60 7.051000
CD 745 449 83 9.145000
CD 759 449 77 8.301000
CD 769 449 61 7.170000
CD 755 449 63 7.054000
CD 754 449 65 7.767000
CD 755 449 71 8.506000
CD 779 449 78 8.909000
CD 761 449 56 6.955000
CD 762 449 58 7.150000
CD 765 449 58 7.745000
CD 763 449 57 6.899000
CD 759 449 61 7.238000
CD 746 449 67 8.467000
CD 744 449 56 6.698000
CD 749 449 64 8.674000
CD 752 449 62 7.575000
CD 759 449 109 13.235000
CD 768 449 103 12.748000
CD 782 449 94 12.690000
CD 778 449 101 11.078000
CD 746 449 78 12.396000
CD 765 449 105 13.424000
CD 798 449 72 10.336000
CD 772 449 77 9.327000
CD 747 449 56 6.720000
CD 747 449 59 7.372000
CD 744 449 68 7.225000
CD 750 449 67 7.442000
CD 762 449 64 10.803000
CD 769 449 58 9.921000
CD 744 449 73 9.851000
CD 753 449 62 8.944000
CD 737 600 63 7.812000
CD 742 600 64 7.519000
CD 742 600 58 7.282000
CD 741 600 59 7.572000
CD 748 600 54 6.512000
CD 751 600 64 7.473000
CD 742 600 65 8.131000
CD 741 600 59 7.081000
CD 739 600 61 8.166000
CD 740 600 60 8.273000
CD 739 600 61 7.913000
CD 739 600 61 7.014000
CD 740 600 60 9.043000
CD 740 600 60 8.069000
CD 745 449 55 6.514000
CD 744 449 61 7.660000
CD 746 449 54 6.071000
CD 744 449 56 8.031000
CD 745 449 55 6.802000
CD 744 449 56 7.402000
CD 743 449 57 6.472000
CD 744 449 56 7.696000
CD 745 449 56 9.468000
CD 743 449 57 7.091000
CD 744 449 56 7.326000
CD 744 449 56 6.963000
CD 744 449 59 9.127000
CD 745 449 55 6.463000
CD 746 449 54 6.450000
CD 750 449 53 6.837000
CD 752 449 55 7.191000
CD 750 449 58 7.665000
CD 759 449 62 8.714000
CD 743 449 57 7.826000
CD 743 449 57 7.837000
CD 743 449 57 9.431000
CD 744 449 59 8.814000
CD 743 449 57 8.500000
CD 744 449 56 7.779000
CD 751 449 65 8.819000
CD 744 449 56 7.475000
CD 746 449 55 8.096000
CD 746 449 54 6.856000
CD 743 449 57 7.376000
CD 744 449 56 7.952000
CD 743 449 57 6.949000
CD 743 449 57 8.367000
CD 744 449 56 8.410000
CD 745 449 55 7.626000
CD 743 449 57 10.290000
CD 743 449 57 8.171000
CD 744 449 56 8.760000
CD 748 449 55 7.122000
CD 770 449 61 7.468000
CD 776 449 102 11.267000
CD 756 449 55 7.139000
CD 764 449 56 6.440000
CD 745 449 56 7.128000
CD 765 600 61 7.504000
CD 749 600 63 7.718000
CD 745 600 69 9.069000
CD 743 600 62 8.358000
CD 745 600 67 8.790000
CD 749 600 60 8.211000
CD 740 600 64 7.895000
CD 778 600 55 7.014000
CD 759 600 61 7.693000
CD 759 600 61 7.525000
CD 743 600 57 6.425000
CD 780 600 86 10.662000
CD 741 600 59 6.957000
CD 747 600 68 7.984000
CD 753 600 64 8.496000
CD 774 600 77 10.974000
CD 796 600 72 9.476000
CD 782 600 71 9.075000
CD 784 600 111 13.797000
CD 795 600 98 12.158000
CD 768 600 61 7.564000
CD 794 600 69 9.744000
CD 759 600 53 6.562000
CD 748 600 58 7.318000
CD 764 600 54 7.750000
CD 760 600 57 7.339000
CD 784 600 56 8.029000
CD 796 600 63 8.233000
CD 784 600 59 8.405000
CD 784 600 77 9.960000
CD 756 600 54 6.785000
CD 758 600 56 7.411000
CD 756 600 69 11.314000
CD 799 600 70 8.531000
CD 773 600 71 10.405000
CD 767 600 56 7.285000
CD 746 600 63 8.084000
CD 757 600 73 11.536000
CD 749 600 66 8.155000
CD 750 600 52 6.497000
CD 782 600 96 12.551000
CD 798 600 91 12.452000
CD 772 600 63 8.291000
CD 792 600 78 10.561000
CD 762 600 77 10.397000
CD 751 600 63 8.343000
CD 752 600 62 7.773000
CD 742 600 66 10.003000
CD 774 600 106 12.145000
CD 789 600 87 11.885000
CD 756 600 79 10.741000
CD 756 600 75 8.910000
CD 755 600 57 9.428000
CD 755 600 59 8.120000
CD 738 600 62 7.491000
CD 742 600 58 7.154000
CD 759 600 58 7.679000
CD 782 600 55 7.402000
CD 755 600 54 6.436000
CD 747 600 69 10.020000
CD 752 600 75 10.827000
CD 750 600 111 13.784000
CD 745 600 62 8.594000
CD 763 600 54 7.372000
CD 752 600 84 10.782000
CD 770 600 68 8.818000
CD 772 600 64 8.010000
CD 768 600 59 10.599000
CD 787 600 79 9.168000
CD 749 600 60 7.916000
CD 732 600 90 11.965000
CD 761 600 74 10.366000
CD 763 600 86 11.564000
CD 764 600 74 9.329000
CD 757 600 99 13.812000
CD 745 600 110 13.199000
CD 770 600 94 12.516000
CD 782 600 69 8.388000
CD 766 600 182 21.180000
CD 754 600 61 7.390000
CD 754 600 69 8.033000
CD 746 600 65 7.404000
CD 758 600 61 7.182000
CD 757 600 61 7.452000
CD 766 600 53 5.489000
CD 766 600 53 6.689000
CD 754 600 54 7.455000
CD 779 600 88 11.528000
CD 785 600 81 10.259000
CD 745 600 56 7.843000
CD 746 600 60 8.329000
CD 746 600 56 7.051000
CD 782 600 83 11.377000
CD 765 600 70 9.213000
CD 762 600 79 10.042000
CD 758 600 58 7.557000
CD 780 600 54 6.549000
CD 765 600 69 10.258000
CD 753 600 70 9.043000
CD 754 600 57 7.177000
CD 757 600 74 9.332000
CD 745 600 68 10.471000
CD 761 600 77 10.983000
CD 746 600 64 7.555000
CD 750 600 58 7.371000
CD 743 600 60 7.168000
CD 744 600 56 6.290000
CD 774 600 55 7.209000
CD 792 600 52 7.112000
CD 755 600 89 10.761000
CD 786 600 82 10.987000
CD 781 600 85 10.936000
CD 733 600 67 12.832000
CD 744 600 147 19.733000
CD 779 600 60 7.021000
CD 752 600 84 11.193000
CD 746 600 82 11.067000
CD 749 600 59 7.432000
CD 756 600 60 9.086000
CD 773 600 64 9.784000
CD 755 600 58 7.354000
CD 772 600 61 7.582000
CD 774 600 64 8.562000
CD 789 600 53 7.905000
CD 780 600 72 9.940000
CD 771 600 68 8.513000
CD 755 600 82 9.851000
CD 797 600 80 11.380000
CD 789 600 89 12.186000
CD 798 600 78 11.126000
CD 788 600 78 10.159000
CD 386 600 255 42.502000
CD 458 600 255 14.632000
CD 750 600 61 8.410000
CD 752 600 72 9.236000
CD 753 600 73 9.346000
CD 755 600 63 8.308000
CD 771 600 108 13.094000
CD 756 600 83 10.691000
CD 749 600 111 13.596000
CD 728 600 58 7.956000
CD 794 600 81 11.367000
CD 770 600 55 7.543000
CD 757 600 76 9.247000
CD 785 600 63 9.821000
CD 749 600 58 7.247000
CD 745 600 60 7.166000
CD 745 600 60 7.106000
CD 741 600 60 8.501000
CD 739 600 61 7.794000
CD 743 600 57 6.529000
CD 770 600 60 7.659000
CD 744 600 56 6.766000
CD 759 600 141 21.331000
CD 764 600 59 7.665000
CD 747 600 57 6.885000
CD 741 600 62 7.652000
CD 743 600 57 7.058000
CD 743 600 57 6.739000
CD 742 600 58 7.032000
CD 764 600 65 7.805000
CD 783 600 59 7.099000
CD 751 600 56 6.372000
CD 736 600 64 8.093000
CD 734 600 66 9.631000
CD 737 600 63 7.757000
CD 740 600 60 8.304000
CD 739 600 67 7.976000
CD 739 600 61 7.683000
CD 740 600 60 7.596000
CD 739 600 61 7.686000
CD 741 600 60 7.626000
CD 740 449 72 9.525000
CD 741 449 61 7.953000
CD 743 449 57 6.857000
CD 743 449 57 6.619000
CD 752 449 71 8.365000
CD 755 449 66 8.325000
CD 744 449 61 9.444000
CD 743 449 60 8.525000
CD 744 449 68 7.643000
CD 744 449 56 10.524000
CD 743 449 57 6.598000
CD 744 449 56 7.111000
CD 743 449 57 6.924000
CD 744 449 56 6.898000
CD 744 449 56 6.816000
CD 744 449 56 6.492000
CD 742 449 58 8.127000
CD 743 449 57 7.808000
CD 748 449 53 7.839000
CD 744 449 56 6.505000
CD 741 449 59 6.993000
CD 744 449 57 7.937000
CD 751 449 62 7.411000
CD 748 449 53 7.683000
CD 744 449 63 8.519000
CD 745 449 57 7.022000
CD 751 449 63 8.354000
CD 746 449 57 8.010000
CD 753 449 60 7.654000
CD 746 449 55 7.109000
CD 745 449 65 7.979000
CD 745 449 57 7.074000
CD 745 449 60 7.896000
CD 746 449 60 7.216000
CD 746 449 56 6.571000
CD 748 449 62 7.038000
CD 746 449 61 7.432000
CD 746 449 55 8.285000
CD 746 449 56 7.586000
CD 744 449 58 7.717000
CD 739 600 61 7.607000
CD 738 600 62 7.229000
CD 738 600 62 8.311000
CD 738 600 62 7.859000
CD 738 600 62 7.109000
CD 738 600 62 9.160000
CD 746 449 54 9.461000
CD 746 449 56 15.086000
CD 747 449 53 5.845000
CD 746 449 66 7.929000
CD 770 449 79 9.015000
CD 796 449 59 7.115000
CD 751 449 82 9.173000
CD 750 449 77 8.658000
CD 764 449 98 11.488000
CD 757 449 79 8.751000
CD 798 449 69 7.634000
CD 746 449 63 7.283000
CD 746 449 60 7.269000
CD 748 449 65 7.538000
CD 749 449 62 7.261000
CD 749 449 60 7.228000
CD 755 449 77 9.787000
CD 754 449 62 7.517000
CD 754 449 65 7.884000
CD 747 449 58 7.381000
CD 751 449 66 8.071000
CD 746 449 62 8.051000
CD 755 449 71 9.183000
CD 756 449 55 6.066000
CD 762 449 62 7.636000
CD 756 449 67 7.713000
CD 783 449 95 10.714000
CD 765 449 67 8.924000
CD 751 449 58 6.758000
CD 760 449 55 7.485000
CD 736 600 64 7.938000
CD 741 600 59 8.072000
CD 746 449 54 6.898000
CD 746 449 56 7.753000
CD 744 449 56 6.619000
CD 742 449 58 6.719000
CD 742 449 58 7.500000
CD 743 449 57 6.463000
CD 743 449 57 6.577000
CD 743 449 57 6.601000
CD 752 449 60 6.886000
CD 748 449 54 6.399000
CD 775 449 79 9.092000
CD 746 449 55 9.231000
CD 745 449 55 6.425000
CD 745 449 58 7.464000
CD 745 449 59 6.862000
CD 745 449 55 8.769000
CD 743 449 57 6.844000
CD 746 449 54 6.572000
CD 743 449 57 7.149000
CD 745 449 62 7.355000
CD 744 449 56 7.917000
CD 745 449 55 6.832000
CD 746 449 54 6.378000
CD 744 449 56 8.780000
CD 747 449 57 7.245000
CD 743 449 69 8.562000
CD 745 449 57 7.499000
CD 745 449 55 6.552000
CD 744 449 56 8.297000
CD 743 449 57 6.853000
CD 743 449 57 7.115000
CD 743 449 57 7.454000
CD 744 449 56 8.574000
CD 745 449 58 7.175000
CD 748 449 64 8.658000
CD 744 449 56 8.473000
CD 741 449 63 8.723000
CD 745 449 55 5.977000
CD 742 449 61 7.838000
CD 745 449 60 7.834000
CD 743 449 57 9.361000
CD 735 600 65 7.921000
CD 738 600 62 8.123000
CD 736 600 64 8.353000
CD 737 600 63 7.677000
CD 736 600 64 7.875000
CD 737 600 63 7.469000
CD 737 600 74 8.656000
CD 739 600 61 11.619000
CD 738 600 62 13.204000
CD 741 600 59 7.933000
CD 738 600 62 16.865000
CD 740 600 60 17.483000
CD 737 600 63 9.178000
CD 739 600 61 9.413000
CD 736 600 64 10.100000
CD 737 600 63 13.984000
CD 736 600 64 9.697000
CD 737 600 63 8.946000
CD 734 600 66 8.977000
CD 744 449 56 7.634000
CD 742 449 58 8.081000
CD 743 449 57 7.623000
CD 742 449 58 6.547000
CD 742 449 58 6.800000
CD 743 449 57 5.896000
CD 741 449 59 6.997000
CD 741 449 59 6.747000
CD 743 449 57 5.306000
CD 744 449 56 6.585000
CD 743 449 57 6.526000
CD 744 449 56 6.759000
CD 744 449 56 7.183000
CD 744 449 56 7.219000
CD 745 449 55 8.569000
CD 744 449 57 9.328000
CD 744 449 56 9.584000
CD 744 449 56 5.955000
CD 744 449 56 6.485000
CD 745 449 55 7.309000
CD 800 600 70 8.564000
CD 756 600 113 13.999000
CD 746 600 77 10.072000
CD 772 449 65 7.999000
CD 754 600 60 6.977000
CD 737 600 63 7.686000
CD 737 600 63 7.173000
CD 742 600 58 7.619000
CD 739 600 61 12.620000
CD 739 600 63 7.116000
CD 741 600 64 8.150000
CD 738 600 62 8.058000
CD 748 449 58 6.259000
CD 762 449 63 7.935000
CD 782 449 66 8.818000
CD 737 600 63 8.914000
CD 745 600 59 7.056000
CD 747 600 62 7.568000
CD 747 600 77 8.986000
CD 737 600 63 7.632000
CD 738 600 62 7.898000
CD 738 600 62 8.119000
CD 738 600 62 9.018000
CD 738 600 62 7.066000
CD 734 600 66 8.820000
CD 738 600 62 7.609000
CD 746 600 55 6.278000
CD 738 600 62 9.967000
CD 745 449 55 6.771000
CD 744 449 56 6.660000
CD 747 449 53 6.610000
CD 746 449 54 6.002000
CD 746 449 54 6.039000
CD 745 449 55 6.690000
CD 743 449 57 5.946000
CD 743 449 57 6.649000
CD 617 449 137 20.261000
CD 749 449 72 11.506000
CD 698 449 97 12.986000
CD 743 449 58 7.646000
CD 743 449 57 4.276000
CD 763 449 61 7.760000
CD 755 449 63 7.129000
CD 753 449 54 6.895000
CD 752 449 54 6.344000
CD 755 449 57 6.380000
CD 757 449 57 6.788000
CD 777 449 62 7.066000
CD 729 449 83 9.387000
CD 755 449 70 8.677000
CD 772 449 95 12.463000
CD 744 449 136 10.869000
CD 670 449 60 7.361000
CD 693 449 70 8.188000
CD 770 449 170 22.082000
CD 775 449 59 6.823000
CD 752 449 60 7.714000
CD 758 449 66 8.715000
CD 759 449 64 9.081000
CD 705 449 61 8.002000
CD 757 449 63 8.279000
CD 750 449 64 9.294000
CD 790 449 80 10.223000
CD 748 449 64 7.765000
CD 752 449 59 8.562000
CD 791 449 55 6.543000
CD 719 449 116 23.388000
CD 704 449 108 6.629000
CD 787 449 90 14.528000
CD 780 449 94 14.892000
CD 785 449 95 13.980000
CD 753 449 56 6.625000
CD 753 449 61 6.864000
BM 724 597 84 0.969000
CBP 724 597 84 4.652000
GC 724 597 84 78.623000
CBP 769 600 62 3.284000
